timestamp,symbol,instrument,ltp,volume,bid,ask,oi,bid_qty,ask_qty,stock_name,strike,option_type,expiry
2025-02-03 09:32:39.120760,COALINDIA27FEB25C370,OPTSTK,13.35,154350,13.2,13.35,439950,7350,4200,COALINDIA,370.0,CE,27-FEB-2025
2025-02-03 09:32:46.760634,COALINDIA27FEB25C370,OPTSTK,13.15,154350,13.2,13.35,439950,7350,4200,COALINDIA,370.0,CE,27-FEB-2025
2025-02-03 09:33:00.834562,COALINDIA27FEB25C370,OPTSTK,13.0,154350,13.2,13.35,439950,7350,4200,COALINDIA,370.0,CE,27-FEB-2025
2025-02-03 09:33:12.064897,COALINDIA27FEB25C370,OPTSTK,12.85,175350,12.8,12.95,439950,1050,4200,COALINDIA,370.0,CE,27-FEB-2025
2025-02-03 09:33:26.671944,COALINDIA27FEB25C370,OPTSTK,12.95,175350,12.8,12.95,439950,1050,4200,COALINDIA,370.0,CE,27-FEB-2025
2025-02-03 09:33:34.629581,COALINDIA27FEB25C370,OPTSTK,12.85,175350,12.8,12.95,439950,1050,4200,COALINDIA,370.0,CE,27-FEB-2025
2025-02-03 09:33:42.235199,COALINDIA27FEB25C370,OPTSTK,12.65,187950,12.6,12.75,446250,6300,2100,COALINDIA,370.0,CE,27-FEB-2025
2025-02-03 09:33:50.053170,COALINDIA27FEB25C370,OPTSTK,12.6,187950,12.6,12.75,446250,6300,2100,COALINDIA,370.0,CE,27-FEB-2025
2025-02-03 09:33:58.410243,COALINDIA27FEB25C370,OPTSTK,12.45,187950,12.6,12.75,446250,6300,2100,COALINDIA,370.0,CE,27-FEB-2025
2025-02-03 09:34:10.165932,COALINDIA27FEB25C370,OPTSTK,12.5,192150,12.55,12.65,446250,1050,2100,COALINDIA,370.0,CE,27-FEB-2025
2025-02-03 09:34:23.396900,COALINDIA27FEB25C370,OPTSTK,12.5,192150,12.55,12.65,446250,1050,2100,COALINDIA,370.0,CE,27-FEB-2025
2025-02-03 09:34:31.376002,COALINDIA27FEB25C370,OPTSTK,12.45,192150,12.55,12.65,446250,1050,2100,COALINDIA,370.0,CE,27-FEB-2025
2025-02-03 09:34:39.313070,COALINDIA27FEB25C370,OPTSTK,12.45,192150,12.55,12.65,446250,1050,2100,COALINDIA,370.0,CE,27-FEB-2025
2025-02-03 09:34:46.643980,COALINDIA27FEB25C370,OPTSTK,12.4,199500,12.25,12.4,446250,7350,4200,COALINDIA,370.0,CE,27-FEB-2025
2025-02-03 09:34:56.761241,COALINDIA27FEB25C370,OPTSTK,12.15,199500,12.25,12.4,446250,7350,4200,COALINDIA,370.0,CE,27-FEB-2025
2025-02-03 09:35:14.317654,COALINDIA27FEB25C370,OPTSTK,12.15,212100,12.15,12.25,446250,4200,3150,COALINDIA,370.0,CE,27-FEB-2025
2025-02-03 09:35:33.040461,COALINDIA27FEB25C370,OPTSTK,12.15,212100,12.15,12.25,446250,4200,3150,COALINDIA,370.0,CE,27-FEB-2025
2025-02-03 09:35:45.178057,COALINDIA27FEB25C370,OPTSTK,12.15,224700,12.0,12.15,446250,5250,5250,COALINDIA,370.0,CE,27-FEB-2025
2025-02-03 09:35:56.601437,COALINDIA27FEB25C370,OPTSTK,12.15,224700,12.0,12.15,446250,5250,5250,COALINDIA,370.0,CE,27-FEB-2025
2025-02-03 09:36:04.828673,COALINDIA27FEB25C370,OPTSTK,12.05,224700,12.0,12.15,446250,5250,5250,COALINDIA,370.0,CE,27-FEB-2025
2025-02-03 09:36:12.911593,COALINDIA27FEB25C370,OPTSTK,12.05,224700,12.0,12.15,446250,5250,5250,COALINDIA,370.0,CE,27-FEB-2025
2025-02-03 09:36:21.623829,COALINDIA27FEB25C370,OPTSTK,12.0,237300,11.8,11.95,446250,3150,1050,COALINDIA,370.0,CE,27-FEB-2025
2025-02-03 09:36:29.355470,COALINDIA27FEB25C370,OPTSTK,11.9,237300,11.8,11.95,446250,3150,1050,COALINDIA,370.0,CE,27-FEB-2025
2025-02-03 09:36:39.787252,COALINDIA27FEB25C370,OPTSTK,11.8,237300,11.8,11.95,469350,3150,1050,COALINDIA,370.0,CE,27-FEB-2025
2025-02-03 09:36:52.072659,COALINDIA27FEB25C370,OPTSTK,11.55,237300,11.8,11.95,469350,3150,1050,COALINDIA,370.0,CE,27-FEB-2025
2025-02-03 09:37:00.878188,COALINDIA27FEB25C370,OPTSTK,11.75,253050,11.6,11.7,469350,1050,1050,COALINDIA,370.0,CE,27-FEB-2025
2025-02-03 09:37:09.855335,COALINDIA27FEB25C370,OPTSTK,11.8,253050,11.6,11.7,469350,1050,1050,COALINDIA,370.0,CE,27-FEB-2025
2025-02-03 09:37:17.208727,COALINDIA27FEB25C370,OPTSTK,11.6,253050,11.6,11.7,469350,1050,1050,COALINDIA,370.0,CE,27-FEB-2025
2025-02-03 09:37:25.181401,COALINDIA27FEB25C370,OPTSTK,11.6,253050,11.6,11.7,469350,1050,1050,COALINDIA,370.0,CE,27-FEB-2025
2025-02-03 09:37:32.996811,COALINDIA27FEB25C370,OPTSTK,11.55,264600,11.55,11.7,469350,4200,6300,COALINDIA,370.0,CE,27-FEB-2025
2025-02-03 09:37:42.014472,COALINDIA27FEB25C370,OPTSTK,11.45,264600,11.55,11.7,469350,4200,6300,COALINDIA,370.0,CE,27-FEB-2025
2025-02-03 09:37:51.325264,COALINDIA27FEB25C370,OPTSTK,11.3,264600,11.55,11.7,469350,4200,6300,COALINDIA,370.0,CE,27-FEB-2025
2025-02-03 09:38:02.250337,COALINDIA27FEB25C370,OPTSTK,11.3,273000,11.3,11.45,469350,1050,6300,COALINDIA,370.0,CE,27-FEB-2025
2025-02-03 09:38:12.645619,COALINDIA27FEB25C370,OPTSTK,11.4,273000,11.3,11.45,469350,1050,6300,COALINDIA,370.0,CE,27-FEB-2025
2025-02-03 09:38:22.172938,COALINDIA27FEB25C370,OPTSTK,11.35,273000,11.3,11.45,469350,1050,6300,COALINDIA,370.0,CE,27-FEB-2025
2025-02-03 09:38:29.941115,COALINDIA27FEB25C370,OPTSTK,11.2,287700,11.2,11.35,469350,3150,3150,COALINDIA,370.0,CE,27-FEB-2025
2025-02-03 09:38:37.493118,COALINDIA27FEB25C370,OPTSTK,11.35,287700,11.2,11.35,469350,3150,3150,COALINDIA,370.0,CE,27-FEB-2025
2025-02-03 09:38:47.569722,COALINDIA27FEB25C370,OPTSTK,11.2,287700,11.2,11.35,469350,3150,3150,COALINDIA,370.0,CE,27-FEB-2025
2025-02-03 09:38:58.633076,COALINDIA27FEB25C370,OPTSTK,11.1,287700,11.2,11.35,469350,3150,3150,COALINDIA,370.0,CE,27-FEB-2025
2025-02-03 09:39:06.989042,COALINDIA27FEB25C370,OPTSTK,11.05,297150,11.05,11.2,469350,8400,5250,COALINDIA,370.0,CE,27-FEB-2025
2025-02-03 09:39:18.459920,COALINDIA27FEB25C370,OPTSTK,10.85,297150,11.05,11.2,469350,8400,5250,COALINDIA,370.0,CE,27-FEB-2025
2025-02-03 09:39:31.526679,COALINDIA27FEB25C370,OPTSTK,10.9,297150,11.05,11.2,469350,8400,5250,COALINDIA,370.0,CE,27-FEB-2025
2025-02-03 09:39:39.878063,COALINDIA27FEB25C370,OPTSTK,10.9,319200,10.9,11.0,494550,1050,7350,COALINDIA,370.0,CE,27-FEB-2025
2025-02-03 09:39:47.946752,COALINDIA27FEB25C370,OPTSTK,10.9,319200,10.9,11.0,494550,1050,7350,COALINDIA,370.0,CE,27-FEB-2025
2025-02-03 09:39:55.618354,COALINDIA27FEB25C370,OPTSTK,10.8,319200,10.9,11.0,494550,1050,7350,COALINDIA,370.0,CE,27-FEB-2025
2025-02-03 09:40:05.079589,COALINDIA27FEB25C370,OPTSTK,10.8,319200,10.9,11.0,494550,1050,7350,COALINDIA,370.0,CE,27-FEB-2025
2025-02-03 09:40:16.134412,COALINDIA27FEB25C370,OPTSTK,10.75,329700,10.75,10.85,494550,2100,2100,COALINDIA,370.0,CE,27-FEB-2025
2025-02-03 09:40:26.429727,COALINDIA27FEB25C370,OPTSTK,10.65,329700,10.75,10.85,494550,2100,2100,COALINDIA,370.0,CE,27-FEB-2025
2025-02-03 09:40:38.530415,COALINDIA27FEB25C370,OPTSTK,10.75,351750,10.65,10.75,494550,2100,4200,COALINDIA,370.0,CE,27-FEB-2025
2025-02-03 09:40:51.853249,COALINDIA27FEB25C370,OPTSTK,10.75,351750,10.65,10.75,494550,2100,4200,COALINDIA,370.0,CE,27-FEB-2025
2025-02-03 09:40:59.307112,COALINDIA27FEB25C370,OPTSTK,10.55,351750,10.65,10.75,494550,2100,4200,COALINDIA,370.0,CE,27-FEB-2025
2025-02-03 09:41:07.024663,COALINDIA27FEB25C370,OPTSTK,10.5,351750,10.65,10.75,494550,2100,4200,COALINDIA,370.0,CE,27-FEB-2025
2025-02-03 09:41:14.659876,COALINDIA27FEB25C370,OPTSTK,10.45,351750,10.65,10.75,494550,2100,4200,COALINDIA,370.0,CE,27-FEB-2025
2025-02-03 09:41:23.392542,COALINDIA27FEB25C370,OPTSTK,10.7,397950,10.45,10.55,494550,1050,6300,COALINDIA,370.0,CE,27-FEB-2025
2025-02-03 09:41:32.483069,COALINDIA27FEB25C370,OPTSTK,10.9,397950,10.45,10.55,494550,1050,6300,COALINDIA,370.0,CE,27-FEB-2025
2025-02-03 09:41:40.981771,COALINDIA27FEB25C370,OPTSTK,10.75,397950,10.45,10.55,494550,1050,6300,COALINDIA,370.0,CE,27-FEB-2025
2025-02-03 09:41:54.826687,COALINDIA27FEB25C370,OPTSTK,10.75,415800,10.7,10.8,494550,1050,3150,COALINDIA,370.0,CE,27-FEB-2025
2025-02-03 09:42:05.270707,COALINDIA27FEB25C370,OPTSTK,10.85,415800,10.7,10.8,494550,1050,3150,COALINDIA,370.0,CE,27-FEB-2025
2025-02-03 09:42:13.281372,COALINDIA27FEB25C370,OPTSTK,10.85,415800,10.7,10.8,494550,1050,3150,COALINDIA,370.0,CE,27-FEB-2025
2025-02-03 09:42:21.534509,COALINDIA27FEB25C370,OPTSTK,10.75,426300,10.7,10.85,494550,6300,8400,COALINDIA,370.0,CE,27-FEB-2025
2025-02-03 09:42:29.548700,COALINDIA27FEB25C370,OPTSTK,10.75,426300,10.7,10.85,494550,6300,8400,COALINDIA,370.0,CE,27-FEB-2025
2025-02-03 09:42:37.477223,COALINDIA27FEB25C370,OPTSTK,10.75,426300,10.7,10.85,494550,6300,8400,COALINDIA,370.0,CE,27-FEB-2025
2025-02-03 09:42:45.118858,COALINDIA27FEB25C370,OPTSTK,10.75,426300,10.7,10.85,494550,6300,8400,COALINDIA,370.0,CE,27-FEB-2025
2025-02-03 09:42:52.974070,COALINDIA27FEB25C370,OPTSTK,10.85,446250,10.85,10.95,527100,5250,1050,COALINDIA,370.0,CE,27-FEB-2025
2025-02-03 09:43:00.956799,COALINDIA27FEB25C370,OPTSTK,10.85,446250,10.85,10.95,527100,5250,1050,COALINDIA,370.0,CE,27-FEB-2025
2025-02-03 09:43:11.158152,COALINDIA27FEB25C370,OPTSTK,10.85,446250,10.85,10.95,527100,5250,1050,COALINDIA,370.0,CE,27-FEB-2025
2025-02-03 09:43:21.510577,COALINDIA27FEB25C370,OPTSTK,10.75,446250,10.85,10.95,527100,5250,1050,COALINDIA,370.0,CE,27-FEB-2025
2025-02-03 09:43:29.114381,COALINDIA27FEB25C370,OPTSTK,10.75,484050,10.75,10.85,527100,3150,1050,COALINDIA,370.0,CE,27-FEB-2025
2025-02-03 09:43:36.758396,COALINDIA27FEB25C370,OPTSTK,10.95,484050,10.75,10.85,527100,3150,1050,COALINDIA,370.0,CE,27-FEB-2025
2025-02-03 09:43:44.330789,COALINDIA27FEB25C370,OPTSTK,10.95,484050,10.75,10.85,527100,3150,1050,COALINDIA,370.0,CE,27-FEB-2025
2025-02-03 09:43:53.246563,COALINDIA27FEB25C370,OPTSTK,10.75,484050,10.75,10.85,527100,3150,1050,COALINDIA,370.0,CE,27-FEB-2025
2025-02-03 09:44:01.282252,COALINDIA27FEB25C370,OPTSTK,11.0,489300,10.8,10.9,527100,4200,1050,COALINDIA,370.0,CE,27-FEB-2025
2025-02-03 09:44:09.119166,COALINDIA27FEB25C370,OPTSTK,11.0,489300,10.8,10.9,527100,4200,1050,COALINDIA,370.0,CE,27-FEB-2025
2025-02-03 09:44:18.035700,COALINDIA27FEB25C370,OPTSTK,10.95,489300,10.8,10.9,527100,4200,1050,COALINDIA,370.0,CE,27-FEB-2025
2025-02-03 09:44:28.483363,COALINDIA27FEB25C370,OPTSTK,11.0,501900,10.9,11.05,527100,4200,9450,COALINDIA,370.0,CE,27-FEB-2025
2025-02-03 09:44:37.433738,COALINDIA27FEB25C370,OPTSTK,11.05,501900,10.9,11.05,527100,4200,9450,COALINDIA,370.0,CE,27-FEB-2025
2025-02-03 09:44:44.964017,COALINDIA27FEB25C370,OPTSTK,11.0,501900,10.9,11.05,527100,4200,9450,COALINDIA,370.0,CE,27-FEB-2025
2025-02-03 09:44:52.759906,COALINDIA27FEB25C370,OPTSTK,11.0,501900,10.9,11.05,527100,4200,9450,COALINDIA,370.0,CE,27-FEB-2025
2025-02-03 09:45:01.051553,COALINDIA27FEB25C370,OPTSTK,11.0,509250,10.95,11.05,527100,1050,4200,COALINDIA,370.0,CE,27-FEB-2025
2025-02-03 09:45:08.668992,COALINDIA27FEB25C370,OPTSTK,11.05,509250,10.95,11.05,527100,1050,4200,COALINDIA,370.0,CE,27-FEB-2025
2025-02-03 09:45:17.318050,COALINDIA27FEB25C370,OPTSTK,11.0,509250,10.95,11.05,527100,1050,4200,COALINDIA,370.0,CE,27-FEB-2025
2025-02-03 09:45:33.114124,COALINDIA27FEB25C370,OPTSTK,11.0,516600,10.9,11.0,527100,4200,1050,COALINDIA,370.0,CE,27-FEB-2025
2025-02-03 09:45:44.293212,COALINDIA27FEB25C370,OPTSTK,11.05,516600,10.9,11.0,589050,4200,1050,COALINDIA,370.0,CE,27-FEB-2025
2025-02-03 09:45:54.253925,COALINDIA27FEB25C370,OPTSTK,11.05,516600,10.9,11.0,589050,4200,1050,COALINDIA,370.0,CE,27-FEB-2025
2025-02-03 09:46:01.886978,COALINDIA27FEB25C370,OPTSTK,11.15,516600,10.9,11.0,589050,4200,1050,COALINDIA,370.0,CE,27-FEB-2025
2025-02-03 09:46:10.034317,COALINDIA27FEB25C370,OPTSTK,11.15,520800,11.2,11.35,589050,3150,4200,COALINDIA,370.0,CE,27-FEB-2025
2025-02-03 09:46:17.885821,COALINDIA27FEB25C370,OPTSTK,11.15,520800,11.2,11.35,589050,3150,4200,COALINDIA,370.0,CE,27-FEB-2025
2025-02-03 09:46:25.671319,COALINDIA27FEB25C370,OPTSTK,11.15,520800,11.2,11.35,589050,3150,4200,COALINDIA,370.0,CE,27-FEB-2025
2025-02-03 09:46:33.281602,COALINDIA27FEB25C370,OPTSTK,11.35,520800,11.2,11.35,589050,3150,4200,COALINDIA,370.0,CE,27-FEB-2025
2025-02-03 09:46:41.117015,COALINDIA27FEB25C370,OPTSTK,11.35,522900,11.4,11.5,589050,1050,1050,COALINDIA,370.0,CE,27-FEB-2025
2025-02-03 09:46:51.075093,COALINDIA27FEB25C370,OPTSTK,11.35,522900,11.4,11.5,589050,1050,1050,COALINDIA,370.0,CE,27-FEB-2025
2025-02-03 09:47:01.033969,COALINDIA27FEB25C370,OPTSTK,11.5,522900,11.4,11.5,589050,1050,1050,COALINDIA,370.0,CE,27-FEB-2025
2025-02-03 09:47:09.960535,COALINDIA27FEB25C370,OPTSTK,11.5,528150,11.35,11.5,589050,7350,6300,COALINDIA,370.0,CE,27-FEB-2025
2025-02-03 09:47:18.659236,COALINDIA27FEB25C370,OPTSTK,11.4,528150,11.35,11.5,589050,7350,6300,COALINDIA,370.0,CE,27-FEB-2025
2025-02-03 09:47:32.975539,COALINDIA27FEB25C370,OPTSTK,11.3,538650,11.25,11.4,589050,2100,6300,COALINDIA,370.0,CE,27-FEB-2025
2025-02-03 09:47:57.338434,COALINDIA27FEB25C370,OPTSTK,11.25,538650,11.25,11.4,589050,2100,6300,COALINDIA,370.0,CE,27-FEB-2025
2025-02-03 09:48:05.272277,COALINDIA27FEB25C370,OPTSTK,11.25,538650,11.25,11.4,589050,2100,6300,COALINDIA,370.0,CE,27-FEB-2025
2025-02-03 09:48:18.069051,COALINDIA27FEB25C370,OPTSTK,11.4,550200,11.25,11.35,589050,1050,4200,COALINDIA,370.0,CE,27-FEB-2025
2025-02-03 09:48:27.912384,COALINDIA27FEB25C370,OPTSTK,11.35,550200,11.25,11.35,589050,1050,4200,COALINDIA,370.0,CE,27-FEB-2025
2025-02-03 09:48:36.879135,COALINDIA27FEB25C370,OPTSTK,11.35,550200,11.25,11.35,589050,1050,4200,COALINDIA,370.0,CE,27-FEB-2025
2025-02-03 09:48:44.834860,COALINDIA27FEB25C370,OPTSTK,11.35,554400,11.35,11.45,600600,2100,4200,COALINDIA,370.0,CE,27-FEB-2025
2025-02-03 09:48:55.163970,COALINDIA27FEB25C370,OPTSTK,11.3,554400,11.35,11.45,600600,2100,4200,COALINDIA,370.0,CE,27-FEB-2025
2025-02-03 09:49:03.671670,COALINDIA27FEB25C370,OPTSTK,11.35,554400,11.35,11.45,600600,2100,4200,COALINDIA,370.0,CE,27-FEB-2025
2025-02-03 09:49:13.547883,COALINDIA27FEB25C370,OPTSTK,11.3,554400,11.35,11.45,600600,2100,4200,COALINDIA,370.0,CE,27-FEB-2025
2025-02-03 09:49:24.816599,COALINDIA27FEB25C370,OPTSTK,11.3,564900,11.15,11.25,600600,1050,5250,COALINDIA,370.0,CE,27-FEB-2025
2025-02-03 09:49:37.241798,COALINDIA27FEB25C370,OPTSTK,11.3,564900,11.15,11.25,600600,1050,5250,COALINDIA,370.0,CE,27-FEB-2025
2025-02-03 09:49:46.399856,COALINDIA27FEB25C370,OPTSTK,11.05,568050,11.0,11.15,600600,4200,6300,COALINDIA,370.0,CE,27-FEB-2025
2025-02-03 09:49:56.925244,COALINDIA27FEB25C370,OPTSTK,11.05,568050,11.0,11.15,600600,4200,6300,COALINDIA,370.0,CE,27-FEB-2025
2025-02-03 09:50:06.125391,COALINDIA27FEB25C370,OPTSTK,11.0,568050,11.0,11.15,600600,4200,6300,COALINDIA,370.0,CE,27-FEB-2025
2025-02-03 09:50:14.924231,COALINDIA27FEB25C370,OPTSTK,11.25,568050,11.0,11.15,600600,4200,6300,COALINDIA,370.0,CE,27-FEB-2025
2025-02-03 09:50:24.509311,COALINDIA27FEB25C370,OPTSTK,11.25,575400,11.2,11.3,600600,3150,1050,COALINDIA,370.0,CE,27-FEB-2025
2025-02-03 09:50:33.725145,COALINDIA27FEB25C370,OPTSTK,11.25,575400,11.2,11.3,600600,3150,1050,COALINDIA,370.0,CE,27-FEB-2025
2025-02-03 09:50:44.188338,COALINDIA27FEB25C370,OPTSTK,11.15,575400,11.2,11.3,600600,3150,1050,COALINDIA,370.0,CE,27-FEB-2025
2025-02-03 09:50:56.242089,COALINDIA27FEB25C370,OPTSTK,11.15,581700,11.1,11.25,600600,5250,6300,COALINDIA,370.0,CE,27-FEB-2025
2025-02-03 09:51:04.671442,COALINDIA27FEB25C370,OPTSTK,11.15,581700,11.1,11.25,600600,5250,6300,COALINDIA,370.0,CE,27-FEB-2025
2025-02-03 09:51:12.734135,COALINDIA27FEB25C370,OPTSTK,11.15,581700,11.1,11.25,600600,5250,6300,COALINDIA,370.0,CE,27-FEB-2025
2025-02-03 09:51:21.234346,COALINDIA27FEB25C370,OPTSTK,11.45,581700,11.1,11.25,600600,5250,6300,COALINDIA,370.0,CE,27-FEB-2025
2025-02-03 09:51:29.355227,COALINDIA27FEB25C370,OPTSTK,11.55,589050,11.45,11.6,600600,3150,7350,COALINDIA,370.0,CE,27-FEB-2025
2025-02-03 09:51:37.625862,COALINDIA27FEB25C370,OPTSTK,11.55,589050,11.45,11.6,600600,3150,7350,COALINDIA,370.0,CE,27-FEB-2025
2025-02-03 09:51:46.332801,COALINDIA27FEB25C370,OPTSTK,11.55,589050,11.45,11.6,612150,3150,7350,COALINDIA,370.0,CE,27-FEB-2025
2025-02-03 09:51:54.179862,COALINDIA27FEB25C370,OPTSTK,11.5,589050,11.45,11.6,612150,3150,7350,COALINDIA,370.0,CE,27-FEB-2025
2025-02-03 09:52:06.612731,COALINDIA27FEB25C370,OPTSTK,11.5,600600,11.35,11.45,612150,1050,1050,COALINDIA,370.0,CE,27-FEB-2025
2025-02-03 09:52:17.172763,COALINDIA27FEB25C370,OPTSTK,11.7,600600,11.35,11.45,612150,1050,1050,COALINDIA,370.0,CE,27-FEB-2025
2025-02-03 09:52:27.246177,COALINDIA27FEB25C370,OPTSTK,11.7,600600,11.35,11.45,612150,1050,1050,COALINDIA,370.0,CE,27-FEB-2025
2025-02-03 09:52:34.970862,COALINDIA27FEB25C370,OPTSTK,11.7,604800,11.6,11.75,612150,3150,5250,COALINDIA,370.0,CE,27-FEB-2025
2025-02-03 09:52:42.730944,COALINDIA27FEB25C370,OPTSTK,11.45,604800,11.6,11.75,612150,3150,5250,COALINDIA,370.0,CE,27-FEB-2025
2025-02-03 09:52:50.815210,COALINDIA27FEB25C370,OPTSTK,11.4,604800,11.6,11.75,612150,3150,5250,COALINDIA,370.0,CE,27-FEB-2025
2025-02-03 09:52:58.175091,COALINDIA27FEB25C370,OPTSTK,11.45,604800,11.6,11.75,612150,3150,5250,COALINDIA,370.0,CE,27-FEB-2025
2025-02-03 09:53:06.008006,COALINDIA27FEB25C370,OPTSTK,11.45,610050,11.35,11.45,612150,2100,2100,COALINDIA,370.0,CE,27-FEB-2025
2025-02-03 09:53:16.066460,COALINDIA27FEB25C370,OPTSTK,11.55,610050,11.35,11.45,612150,2100,2100,COALINDIA,370.0,CE,27-FEB-2025
2025-02-03 09:53:25.303169,COALINDIA27FEB25C370,OPTSTK,11.55,610050,11.35,11.45,612150,2100,2100,COALINDIA,370.0,CE,27-FEB-2025
2025-02-03 09:53:35.676600,COALINDIA27FEB25C370,OPTSTK,11.8,619500,11.75,11.9,612150,4200,8400,COALINDIA,370.0,CE,27-FEB-2025
2025-02-03 09:53:43.439038,COALINDIA27FEB25C370,OPTSTK,11.8,619500,11.75,11.9,612150,4200,8400,COALINDIA,370.0,CE,27-FEB-2025
2025-02-03 09:53:51.253233,COALINDIA27FEB25C370,OPTSTK,11.65,619500,11.75,11.9,612150,4200,8400,COALINDIA,370.0,CE,27-FEB-2025
2025-02-03 09:53:59.190725,COALINDIA27FEB25C370,OPTSTK,11.65,619500,11.75,11.9,612150,4200,8400,COALINDIA,370.0,CE,27-FEB-2025
2025-02-03 09:54:06.935036,COALINDIA27FEB25C370,OPTSTK,11.65,622650,11.5,11.65,612150,4200,2100,COALINDIA,370.0,CE,27-FEB-2025
2025-02-03 09:54:15.011971,COALINDIA27FEB25C370,OPTSTK,11.65,622650,11.5,11.65,612150,4200,2100,COALINDIA,370.0,CE,27-FEB-2025
2025-02-03 09:54:22.562370,COALINDIA27FEB25C370,OPTSTK,11.65,622650,11.5,11.65,612150,4200,2100,COALINDIA,370.0,CE,27-FEB-2025
2025-02-03 09:54:32.417166,COALINDIA27FEB25C370,OPTSTK,11.6,622650,11.5,11.65,612150,4200,2100,COALINDIA,370.0,CE,27-FEB-2025
2025-02-03 09:54:43.500854,COALINDIA27FEB25C370,OPTSTK,11.6,627900,11.55,11.65,612150,3150,1050,COALINDIA,370.0,CE,27-FEB-2025
2025-02-03 09:54:52.080880,COALINDIA27FEB25C370,OPTSTK,11.65,627900,11.55,11.65,632100,3150,1050,COALINDIA,370.0,CE,27-FEB-2025
2025-02-03 09:55:02.035852,COALINDIA27FEB25C370,OPTSTK,11.4,627900,11.55,11.65,632100,3150,1050,COALINDIA,370.0,CE,27-FEB-2025
2025-02-03 09:55:09.699489,COALINDIA27FEB25C370,OPTSTK,11.6,631050,11.5,11.6,632100,2100,2100,COALINDIA,370.0,CE,27-FEB-2025
2025-02-03 09:55:17.988823,COALINDIA27FEB25C370,OPTSTK,11.75,631050,11.5,11.6,632100,2100,2100,COALINDIA,370.0,CE,27-FEB-2025
2025-02-03 09:55:26.997021,COALINDIA27FEB25C370,OPTSTK,11.55,631050,11.5,11.6,632100,2100,2100,COALINDIA,370.0,CE,27-FEB-2025
2025-02-03 09:55:34.951205,COALINDIA27FEB25C370,OPTSTK,11.55,631050,11.5,11.6,632100,2100,2100,COALINDIA,370.0,CE,27-FEB-2025
2025-02-03 09:55:44.631709,COALINDIA27FEB25C370,OPTSTK,11.6,639450,11.6,11.75,632100,5250,6300,COALINDIA,370.0,CE,27-FEB-2025
2025-02-03 09:55:56.618431,COALINDIA27FEB25C370,OPTSTK,11.1,639450,11.6,11.75,632100,5250,6300,COALINDIA,370.0,CE,27-FEB-2025
2025-02-03 09:56:06.146717,COALINDIA27FEB25C370,OPTSTK,11.35,639450,11.6,11.75,632100,5250,6300,COALINDIA,370.0,CE,27-FEB-2025
2025-02-03 09:56:14.394424,COALINDIA27FEB25C370,OPTSTK,11.25,658350,11.0,11.15,632100,13650,5250,COALINDIA,370.0,CE,27-FEB-2025
2025-02-03 09:56:21.987580,COALINDIA27FEB25C370,OPTSTK,11.15,658350,11.0,11.15,632100,13650,5250,COALINDIA,370.0,CE,27-FEB-2025
2025-02-03 09:56:29.847742,COALINDIA27FEB25C370,OPTSTK,11.2,658350,11.0,11.15,632100,13650,5250,COALINDIA,370.0,CE,27-FEB-2025
2025-02-03 09:56:37.537662,COALINDIA27FEB25C370,OPTSTK,11.2,658350,11.0,11.15,632100,13650,5250,COALINDIA,370.0,CE,27-FEB-2025
2025-02-03 09:56:45.298199,COALINDIA27FEB25C370,OPTSTK,11.2,662550,11.15,11.3,632100,1050,6300,COALINDIA,370.0,CE,27-FEB-2025
2025-02-03 09:56:54.951049,COALINDIA27FEB25C370,OPTSTK,11.35,662550,11.15,11.3,632100,1050,6300,COALINDIA,370.0,CE,27-FEB-2025
2025-02-03 09:57:04.482848,COALINDIA27FEB25C370,OPTSTK,11.35,662550,11.15,11.3,632100,1050,6300,COALINDIA,370.0,CE,27-FEB-2025
2025-02-03 09:57:17.171237,COALINDIA27FEB25C370,OPTSTK,11.3,678300,11.2,11.35,632100,6300,4200,COALINDIA,370.0,CE,27-FEB-2025
2025-02-03 09:57:27.753112,COALINDIA27FEB25C370,OPTSTK,11.2,678300,11.2,11.35,632100,6300,4200,COALINDIA,370.0,CE,27-FEB-2025
2025-02-03 09:57:37.679994,COALINDIA27FEB25C370,OPTSTK,11.15,678300,11.2,11.35,632100,6300,4200,COALINDIA,370.0,CE,27-FEB-2025
2025-02-03 09:57:45.696550,COALINDIA27FEB25C370,OPTSTK,11.15,678300,11.2,11.35,630000,6300,4200,COALINDIA,370.0,CE,27-FEB-2025
2025-02-03 09:57:53.153979,COALINDIA27FEB25C370,OPTSTK,11.15,684600,11.1,11.2,630000,6300,2100,COALINDIA,370.0,CE,27-FEB-2025
2025-02-03 09:58:01.089365,COALINDIA27FEB25C370,OPTSTK,11.0,684600,11.1,11.2,630000,6300,2100,COALINDIA,370.0,CE,27-FEB-2025
2025-02-03 09:58:08.730781,COALINDIA27FEB25C370,OPTSTK,11.0,684600,11.1,11.2,630000,6300,2100,COALINDIA,370.0,CE,27-FEB-2025
2025-02-03 09:58:15.960566,COALINDIA27FEB25C370,OPTSTK,10.95,684600,11.1,11.2,630000,6300,2100,COALINDIA,370.0,CE,27-FEB-2025
2025-02-03 09:58:27.839617,COALINDIA27FEB25C370,OPTSTK,10.95,740250,10.95,11.0,630000,1050,2100,COALINDIA,370.0,CE,27-FEB-2025
2025-02-03 09:58:38.514977,COALINDIA27FEB25C370,OPTSTK,11.1,740250,10.95,11.0,630000,1050,2100,COALINDIA,370.0,CE,27-FEB-2025
2025-02-03 09:58:46.517468,COALINDIA27FEB25C370,OPTSTK,11.1,740250,10.95,11.0,630000,1050,2100,COALINDIA,370.0,CE,27-FEB-2025
2025-02-03 09:58:54.452505,COALINDIA27FEB25C370,OPTSTK,11.2,748650,11.15,11.25,630000,3150,2100,COALINDIA,370.0,CE,27-FEB-2025
2025-02-03 09:59:02.704889,COALINDIA27FEB25C370,OPTSTK,11.2,748650,11.15,11.25,630000,3150,2100,COALINDIA,370.0,CE,27-FEB-2025
2025-02-03 09:59:13.570108,COALINDIA27FEB25C370,OPTSTK,11.2,748650,11.15,11.25,630000,3150,2100,COALINDIA,370.0,CE,27-FEB-2025
2025-02-03 09:59:29.093519,COALINDIA27FEB25C370,OPTSTK,11.45,750750,11.3,11.45,630000,3150,6300,COALINDIA,370.0,CE,27-FEB-2025
2025-02-03 09:59:41.825294,COALINDIA27FEB25C370,OPTSTK,11.2,750750,11.3,11.45,630000,3150,6300,COALINDIA,370.0,CE,27-FEB-2025
2025-02-03 09:59:52.440231,COALINDIA27FEB25C370,OPTSTK,11.2,750750,11.3,11.45,630000,3150,6300,COALINDIA,370.0,CE,27-FEB-2025
2025-02-03 10:00:00.563992,COALINDIA27FEB25C370,OPTSTK,11.2,759150,11.2,11.35,630000,4200,5250,COALINDIA,370.0,CE,27-FEB-2025
2025-02-03 10:00:08.405964,COALINDIA27FEB25C370,OPTSTK,11.45,759150,11.2,11.35,630000,4200,5250,COALINDIA,370.0,CE,27-FEB-2025
2025-02-03 10:00:16.566616,COALINDIA27FEB25C370,OPTSTK,11.45,759150,11.2,11.35,630000,4200,5250,COALINDIA,370.0,CE,27-FEB-2025
2025-02-03 10:00:29.216854,COALINDIA27FEB25C370,OPTSTK,11.1,761250,11.1,11.2,630000,1050,4200,COALINDIA,370.0,CE,27-FEB-2025
2025-02-03 10:00:40.252752,COALINDIA27FEB25C370,OPTSTK,11.05,761250,11.1,11.2,630000,1050,4200,COALINDIA,370.0,CE,27-FEB-2025
2025-02-03 10:00:51.970051,COALINDIA27FEB25C370,OPTSTK,11.05,761250,11.1,11.2,630000,1050,4200,COALINDIA,370.0,CE,27-FEB-2025
2025-02-03 10:01:03.328758,COALINDIA27FEB25C370,OPTSTK,11.25,767550,11.0,11.15,669900,4200,5250,COALINDIA,370.0,CE,27-FEB-2025
2025-02-03 10:01:14.135000,COALINDIA27FEB25C370,OPTSTK,11.25,767550,11.0,11.15,669900,4200,5250,COALINDIA,370.0,CE,27-FEB-2025
2025-02-03 10:01:22.497554,COALINDIA27FEB25C370,OPTSTK,11.25,767550,11.0,11.15,669900,4200,5250,COALINDIA,370.0,CE,27-FEB-2025
2025-02-03 10:01:31.327754,COALINDIA27FEB25C370,OPTSTK,11.25,767550,11.0,11.15,669900,4200,5250,COALINDIA,370.0,CE,27-FEB-2025
2025-02-03 10:01:38.838023,COALINDIA27FEB25C370,OPTSTK,11.25,770700,11.4,11.5,669900,1050,2100,COALINDIA,370.0,CE,27-FEB-2025
2025-02-03 10:01:46.765338,COALINDIA27FEB25C370,OPTSTK,11.25,770700,11.4,11.5,669900,1050,2100,COALINDIA,370.0,CE,27-FEB-2025
2025-02-03 10:01:55.135530,COALINDIA27FEB25C370,OPTSTK,11.25,770700,11.4,11.5,669900,1050,2100,COALINDIA,370.0,CE,27-FEB-2025
2025-02-03 10:02:02.908097,COALINDIA27FEB25C370,OPTSTK,11.25,770700,11.4,11.5,669900,1050,2100,COALINDIA,370.0,CE,27-FEB-2025
2025-02-03 10:02:14.152744,COALINDIA27FEB25C370,OPTSTK,11.65,770700,11.55,11.65,669900,1050,2100,COALINDIA,370.0,CE,27-FEB-2025
2025-02-03 10:02:25.137564,COALINDIA27FEB25C370,OPTSTK,11.75,770700,11.55,11.65,669900,1050,2100,COALINDIA,370.0,CE,27-FEB-2025
2025-02-03 10:02:37.133246,COALINDIA27FEB25C370,OPTSTK,11.65,778050,11.65,11.75,669900,3150,1050,COALINDIA,370.0,CE,27-FEB-2025
2025-02-03 10:02:48.622138,COALINDIA27FEB25C370,OPTSTK,11.5,778050,11.65,11.75,669900,3150,1050,COALINDIA,370.0,CE,27-FEB-2025
2025-02-03 10:03:00.159105,COALINDIA27FEB25C370,OPTSTK,11.5,778050,11.65,11.75,669900,3150,1050,COALINDIA,370.0,CE,27-FEB-2025
2025-02-03 10:03:09.829186,COALINDIA27FEB25C370,OPTSTK,11.5,781200,11.45,11.6,669900,3150,3150,COALINDIA,370.0,CE,27-FEB-2025
2025-02-03 10:03:17.609249,COALINDIA27FEB25C370,OPTSTK,11.5,781200,11.45,11.6,669900,3150,3150,COALINDIA,370.0,CE,27-FEB-2025
2025-02-03 10:03:25.926408,COALINDIA27FEB25C370,OPTSTK,11.9,781200,11.45,11.6,669900,3150,3150,COALINDIA,370.0,CE,27-FEB-2025
2025-02-03 10:03:41.729021,COALINDIA27FEB25C370,OPTSTK,11.7,788550,11.65,11.75,665700,3150,1050,COALINDIA,370.0,CE,27-FEB-2025
2025-02-03 10:03:51.426020,COALINDIA27FEB25C370,OPTSTK,11.7,788550,11.65,11.75,665700,3150,1050,COALINDIA,370.0,CE,27-FEB-2025
2025-02-03 10:03:59.136475,COALINDIA27FEB25C370,OPTSTK,11.7,788550,11.65,11.75,665700,3150,1050,COALINDIA,370.0,CE,27-FEB-2025
2025-02-03 10:04:06.983719,COALINDIA27FEB25C370,OPTSTK,11.7,788550,11.65,11.75,665700,3150,1050,COALINDIA,370.0,CE,27-FEB-2025
2025-02-03 10:04:15.305043,COALINDIA27FEB25C370,OPTSTK,11.75,791700,11.7,11.8,665700,5250,3150,COALINDIA,370.0,CE,27-FEB-2025
2025-02-03 10:04:26.079726,COALINDIA27FEB25C370,OPTSTK,11.8,791700,11.7,11.8,665700,5250,3150,COALINDIA,370.0,CE,27-FEB-2025
2025-02-03 10:04:41.032025,COALINDIA27FEB25C370,OPTSTK,11.8,800100,11.65,11.75,665700,2100,2100,COALINDIA,370.0,CE,27-FEB-2025
2025-02-03 10:04:53.242872,COALINDIA27FEB25C370,OPTSTK,11.7,800100,11.65,11.75,665700,2100,2100,COALINDIA,370.0,CE,27-FEB-2025
2025-02-03 10:05:02.585928,COALINDIA27FEB25C370,OPTSTK,11.7,800100,11.65,11.75,665700,2100,2100,COALINDIA,370.0,CE,27-FEB-2025
2025-02-03 10:05:10.310853,COALINDIA27FEB25C370,OPTSTK,11.7,800100,11.65,11.75,665700,2100,2100,COALINDIA,370.0,CE,27-FEB-2025
2025-02-03 10:05:18.435006,COALINDIA27FEB25C370,OPTSTK,11.7,804300,11.75,11.85,665700,1050,2100,COALINDIA,370.0,CE,27-FEB-2025
2025-02-03 10:05:26.267012,COALINDIA27FEB25C370,OPTSTK,11.8,804300,11.75,11.85,665700,1050,2100,COALINDIA,370.0,CE,27-FEB-2025
2025-02-03 10:05:33.602177,COALINDIA27FEB25C370,OPTSTK,11.8,804300,11.75,11.85,665700,1050,2100,COALINDIA,370.0,CE,27-FEB-2025
2025-02-03 10:05:40.883727,COALINDIA27FEB25C370,OPTSTK,11.8,804300,11.75,11.85,665700,1050,2100,COALINDIA,370.0,CE,27-FEB-2025
2025-02-03 10:05:48.517861,COALINDIA27FEB25C370,OPTSTK,11.8,806400,11.8,11.95,665700,4200,3150,COALINDIA,370.0,CE,27-FEB-2025
2025-02-03 10:05:55.989612,COALINDIA27FEB25C370,OPTSTK,11.8,806400,11.8,11.95,665700,4200,3150,COALINDIA,370.0,CE,27-FEB-2025
2025-02-03 10:06:07.207852,COALINDIA27FEB25C370,OPTSTK,11.8,806400,11.8,11.95,665700,4200,3150,COALINDIA,370.0,CE,27-FEB-2025
2025-02-03 10:06:17.093131,COALINDIA27FEB25C370,OPTSTK,12.1,810600,12.1,12.3,665700,7350,8400,COALINDIA,370.0,CE,27-FEB-2025
2025-02-03 10:06:24.808108,COALINDIA27FEB25C370,OPTSTK,12.1,810600,12.1,12.3,665700,7350,8400,COALINDIA,370.0,CE,27-FEB-2025
2025-02-03 10:06:33.144445,COALINDIA27FEB25C370,OPTSTK,12.15,810600,12.1,12.3,665700,7350,8400,COALINDIA,370.0,CE,27-FEB-2025
2025-02-03 10:06:41.466248,COALINDIA27FEB25C370,OPTSTK,12.1,810600,12.1,12.3,665700,7350,8400,COALINDIA,370.0,CE,27-FEB-2025
2025-02-03 10:06:49.310539,COALINDIA27FEB25C370,OPTSTK,12.3,819000,12.15,12.3,672000,4200,7350,COALINDIA,370.0,CE,27-FEB-2025
2025-02-03 10:07:04.727243,COALINDIA27FEB25C370,OPTSTK,12.3,819000,12.15,12.3,672000,4200,7350,COALINDIA,370.0,CE,27-FEB-2025
2025-02-03 10:07:16.639921,COALINDIA27FEB25C370,OPTSTK,12.3,830550,12.25,12.4,672000,4200,7350,COALINDIA,370.0,CE,27-FEB-2025
2025-02-03 10:07:29.044808,COALINDIA27FEB25C370,OPTSTK,12.45,830550,12.25,12.4,672000,4200,7350,COALINDIA,370.0,CE,27-FEB-2025
2025-02-03 10:07:37.490102,COALINDIA27FEB25C370,OPTSTK,12.3,830550,12.25,12.4,672000,4200,7350,COALINDIA,370.0,CE,27-FEB-2025
2025-02-03 10:07:45.040953,COALINDIA27FEB25C370,OPTSTK,12.45,830550,12.25,12.4,672000,4200,7350,COALINDIA,370.0,CE,27-FEB-2025
2025-02-03 10:07:52.515539,COALINDIA27FEB25C370,OPTSTK,12.5,843150,12.4,12.55,672000,1050,6300,COALINDIA,370.0,CE,27-FEB-2025
2025-02-03 10:08:00.296098,COALINDIA27FEB25C370,OPTSTK,12.45,843150,12.4,12.55,672000,1050,6300,COALINDIA,370.0,CE,27-FEB-2025
2025-02-03 10:08:08.517758,COALINDIA27FEB25C370,OPTSTK,12.45,843150,12.4,12.55,672000,1050,6300,COALINDIA,370.0,CE,27-FEB-2025
2025-02-03 10:08:16.245908,COALINDIA27FEB25C370,OPTSTK,12.3,843150,12.4,12.55,672000,1050,6300,COALINDIA,370.0,CE,27-FEB-2025
2025-02-03 10:08:23.781473,COALINDIA27FEB25C370,OPTSTK,12.15,859950,12.15,12.3,672000,5250,1050,COALINDIA,370.0,CE,27-FEB-2025
2025-02-03 10:08:31.813265,COALINDIA27FEB25C370,OPTSTK,12.15,859950,12.15,12.3,672000,5250,1050,COALINDIA,370.0,CE,27-FEB-2025
2025-02-03 10:08:42.736094,COALINDIA27FEB25C370,OPTSTK,12.5,859950,12.15,12.3,672000,5250,1050,COALINDIA,370.0,CE,27-FEB-2025
2025-02-03 10:08:51.965064,COALINDIA27FEB25C370,OPTSTK,12.4,862050,12.4,12.5,672000,1050,9450,COALINDIA,370.0,CE,27-FEB-2025
2025-02-03 10:09:02.735859,COALINDIA27FEB25C370,OPTSTK,12.4,862050,12.4,12.5,672000,1050,9450,COALINDIA,370.0,CE,27-FEB-2025
2025-02-03 10:09:14.519844,COALINDIA27FEB25C370,OPTSTK,12.4,862050,12.4,12.5,672000,1050,9450,COALINDIA,370.0,CE,27-FEB-2025
2025-02-03 10:09:24.595781,COALINDIA27FEB25C370,OPTSTK,12.35,869400,12.25,12.4,672000,2100,6300,COALINDIA,370.0,CE,27-FEB-2025
2025-02-03 10:09:33.780088,COALINDIA27FEB25C370,OPTSTK,12.25,869400,12.25,12.4,672000,2100,6300,COALINDIA,370.0,CE,27-FEB-2025
2025-02-03 10:09:41.571575,COALINDIA27FEB25C370,OPTSTK,12.25,869400,12.25,12.4,672000,2100,6300,COALINDIA,370.0,CE,27-FEB-2025
2025-02-03 10:09:50.884164,COALINDIA27FEB25C370,OPTSTK,12.25,870450,12.15,12.3,672000,4200,3150,COALINDIA,370.0,CE,27-FEB-2025
2025-02-03 10:10:01.997344,COALINDIA27FEB25C370,OPTSTK,12.5,870450,12.15,12.3,677250,4200,3150,COALINDIA,370.0,CE,27-FEB-2025
2025-02-03 10:10:10.331610,COALINDIA27FEB25C370,OPTSTK,12.5,870450,12.15,12.3,677250,4200,3150,COALINDIA,370.0,CE,27-FEB-2025
2025-02-03 10:10:18.959043,COALINDIA27FEB25C370,OPTSTK,12.5,870450,12.15,12.3,677250,4200,3150,COALINDIA,370.0,CE,27-FEB-2025
2025-02-03 10:10:26.730805,COALINDIA27FEB25C370,OPTSTK,12.5,880950,12.4,12.5,677250,1050,2100,COALINDIA,370.0,CE,27-FEB-2025
2025-02-03 10:10:34.332299,COALINDIA27FEB25C370,OPTSTK,12.35,880950,12.4,12.5,677250,1050,2100,COALINDIA,370.0,CE,27-FEB-2025
2025-02-03 10:10:42.597585,COALINDIA27FEB25C370,OPTSTK,12.2,880950,12.4,12.5,677250,1050,2100,COALINDIA,370.0,CE,27-FEB-2025
2025-02-03 10:10:50.468817,COALINDIA27FEB25C370,OPTSTK,12.2,880950,12.4,12.5,677250,1050,2100,COALINDIA,370.0,CE,27-FEB-2025
2025-02-03 10:10:57.893339,COALINDIA27FEB25C370,OPTSTK,12.2,885150,12.15,12.3,677250,1050,5250,COALINDIA,370.0,CE,27-FEB-2025
2025-02-03 10:11:08.647547,COALINDIA27FEB25C370,OPTSTK,12.2,885150,12.15,12.3,677250,1050,5250,COALINDIA,370.0,CE,27-FEB-2025
2025-02-03 10:11:19.231539,COALINDIA27FEB25C370,OPTSTK,12.2,885150,12.15,12.3,677250,1050,5250,COALINDIA,370.0,CE,27-FEB-2025
2025-02-03 10:11:27.564733,COALINDIA27FEB25C370,OPTSTK,12.2,885150,12.4,12.5,677250,1050,4200,COALINDIA,370.0,CE,27-FEB-2025
2025-02-03 10:11:35.723195,COALINDIA27FEB25C370,OPTSTK,12.5,885150,12.4,12.5,677250,1050,4200,COALINDIA,370.0,CE,27-FEB-2025
2025-02-03 10:11:43.049588,COALINDIA27FEB25C370,OPTSTK,12.5,885150,12.4,12.5,677250,1050,4200,COALINDIA,370.0,CE,27-FEB-2025
2025-02-03 10:11:50.411878,COALINDIA27FEB25C370,OPTSTK,12.6,885150,12.4,12.5,677250,1050,4200,COALINDIA,370.0,CE,27-FEB-2025
2025-02-03 10:11:58.048620,COALINDIA27FEB25C370,OPTSTK,12.6,890400,12.55,12.7,677250,5250,2100,COALINDIA,370.0,CE,27-FEB-2025
2025-02-03 10:12:05.913874,COALINDIA27FEB25C370,OPTSTK,12.7,890400,12.55,12.7,677250,5250,2100,COALINDIA,370.0,CE,27-FEB-2025
2025-02-03 10:12:13.936957,COALINDIA27FEB25C370,OPTSTK,12.7,890400,12.55,12.7,677250,5250,2100,COALINDIA,370.0,CE,27-FEB-2025
2025-02-03 10:12:23.349461,COALINDIA27FEB25C370,OPTSTK,12.7,890400,12.55,12.7,677250,5250,2100,COALINDIA,370.0,CE,27-FEB-2025
2025-02-03 10:12:33.942959,COALINDIA27FEB25C370,OPTSTK,12.45,893550,12.35,12.5,677250,1050,4200,COALINDIA,370.0,CE,27-FEB-2025
2025-02-03 10:12:42.658123,COALINDIA27FEB25C370,OPTSTK,12.4,893550,12.35,12.5,662550,1050,4200,COALINDIA,370.0,CE,27-FEB-2025
2025-02-03 10:12:50.542263,COALINDIA27FEB25C370,OPTSTK,12.45,893550,12.35,12.5,662550,1050,4200,COALINDIA,370.0,CE,27-FEB-2025
2025-02-03 10:13:03.905967,COALINDIA27FEB25C370,OPTSTK,12.45,903000,12.4,12.5,662550,1050,9450,COALINDIA,370.0,CE,27-FEB-2025
2025-02-03 10:13:14.652989,COALINDIA27FEB25C370,OPTSTK,12.45,903000,12.4,12.5,662550,1050,9450,COALINDIA,370.0,CE,27-FEB-2025
2025-02-03 10:13:25.575546,COALINDIA27FEB25C370,OPTSTK,12.45,903000,12.4,12.5,662550,1050,9450,COALINDIA,370.0,CE,27-FEB-2025
2025-02-03 10:13:33.221799,COALINDIA27FEB25C370,OPTSTK,12.45,904050,12.2,12.35,662550,3150,3150,COALINDIA,370.0,CE,27-FEB-2025
2025-02-03 10:13:45.345379,COALINDIA27FEB25C370,OPTSTK,12.45,904050,12.2,12.35,662550,3150,3150,COALINDIA,370.0,CE,27-FEB-2025
2025-02-03 10:13:56.386534,COALINDIA27FEB25C370,OPTSTK,12.55,904050,12.2,12.35,662550,3150,3150,COALINDIA,370.0,CE,27-FEB-2025
2025-02-03 10:14:05.264666,COALINDIA27FEB25C370,OPTSTK,12.55,916650,12.4,12.5,662550,1050,2100,COALINDIA,370.0,CE,27-FEB-2025
2025-02-03 10:14:13.226023,COALINDIA27FEB25C370,OPTSTK,12.55,916650,12.4,12.5,662550,1050,2100,COALINDIA,370.0,CE,27-FEB-2025
2025-02-03 10:14:20.872162,COALINDIA27FEB25C370,OPTSTK,12.45,916650,12.4,12.5,662550,1050,2100,COALINDIA,370.0,CE,27-FEB-2025
2025-02-03 10:14:28.340635,COALINDIA27FEB25C370,OPTSTK,12.45,916650,12.4,12.5,662550,1050,2100,COALINDIA,370.0,CE,27-FEB-2025
2025-02-03 10:14:37.534411,COALINDIA27FEB25C370,OPTSTK,12.45,917700,12.4,12.55,662550,2100,8400,COALINDIA,370.0,CE,27-FEB-2025
2025-02-03 10:14:44.900697,COALINDIA27FEB25C370,OPTSTK,12.4,917700,12.4,12.55,662550,2100,8400,COALINDIA,370.0,CE,27-FEB-2025
2025-02-03 10:14:52.896760,COALINDIA27FEB25C370,OPTSTK,12.2,917700,12.4,12.55,662550,2100,8400,COALINDIA,370.0,CE,27-FEB-2025
2025-02-03 10:15:07.834158,COALINDIA27FEB25C370,OPTSTK,12.15,997500,12.0,12.15,662550,8400,3150,COALINDIA,370.0,CE,27-FEB-2025
2025-02-03 10:15:17.514445,COALINDIA27FEB25C370,OPTSTK,12.05,997500,12.0,12.15,662550,8400,3150,COALINDIA,370.0,CE,27-FEB-2025
2025-02-03 10:15:26.794558,COALINDIA27FEB25C370,OPTSTK,12.15,997500,12.0,12.15,662550,8400,3150,COALINDIA,370.0,CE,27-FEB-2025
2025-02-03 10:15:34.411364,COALINDIA27FEB25C370,OPTSTK,11.95,997500,12.0,12.15,662550,8400,3150,COALINDIA,370.0,CE,27-FEB-2025
2025-02-03 10:15:42.289101,COALINDIA27FEB25C370,OPTSTK,11.95,1004850,11.85,12.0,662550,5250,3150,COALINDIA,370.0,CE,27-FEB-2025
2025-02-03 10:15:49.679218,COALINDIA27FEB25C370,OPTSTK,12.0,1004850,11.85,12.0,717150,5250,3150,COALINDIA,370.0,CE,27-FEB-2025
2025-02-03 10:15:57.102424,COALINDIA27FEB25C370,OPTSTK,12.0,1004850,11.85,12.0,717150,5250,3150,COALINDIA,370.0,CE,27-FEB-2025
2025-02-03 10:16:04.528643,COALINDIA27FEB25C370,OPTSTK,11.75,1004850,11.85,12.0,717150,5250,3150,COALINDIA,370.0,CE,27-FEB-2025
2025-02-03 10:16:13.599631,COALINDIA27FEB25C370,OPTSTK,11.75,1013250,11.9,12.05,717150,4200,6300,COALINDIA,370.0,CE,27-FEB-2025
2025-02-03 10:16:23.738918,COALINDIA27FEB25C370,OPTSTK,12.05,1013250,11.9,12.05,717150,4200,6300,COALINDIA,370.0,CE,27-FEB-2025
2025-02-03 10:16:32.335437,COALINDIA27FEB25C370,OPTSTK,12.0,1013250,11.9,12.05,717150,4200,6300,COALINDIA,370.0,CE,27-FEB-2025
2025-02-03 10:16:40.976537,COALINDIA27FEB25C370,OPTSTK,11.95,1019550,11.8,11.9,717150,1050,1050,COALINDIA,370.0,CE,27-FEB-2025
2025-02-03 10:16:51.109870,COALINDIA27FEB25C370,OPTSTK,11.9,1019550,11.8,11.9,717150,1050,1050,COALINDIA,370.0,CE,27-FEB-2025
2025-02-03 10:17:01.721017,COALINDIA27FEB25C370,OPTSTK,11.95,1019550,11.8,11.9,717150,1050,1050,COALINDIA,370.0,CE,27-FEB-2025
2025-02-03 10:17:11.523120,COALINDIA27FEB25C370,OPTSTK,11.95,1022700,11.9,12.05,717150,4200,2100,COALINDIA,370.0,CE,27-FEB-2025
2025-02-03 10:17:21.881450,COALINDIA27FEB25C370,OPTSTK,11.95,1022700,11.9,12.05,717150,4200,2100,COALINDIA,370.0,CE,27-FEB-2025
2025-02-03 10:17:32.789613,COALINDIA27FEB25C370,OPTSTK,11.95,1022700,11.9,12.05,717150,4200,2100,COALINDIA,370.0,CE,27-FEB-2025
2025-02-03 10:17:42.316365,COALINDIA27FEB25C370,OPTSTK,12.0,1022700,11.9,12.05,717150,4200,2100,COALINDIA,370.0,CE,27-FEB-2025
2025-02-03 10:17:49.672900,COALINDIA27FEB25C370,OPTSTK,12.0,1024800,11.95,12.05,717150,1050,1050,COALINDIA,370.0,CE,27-FEB-2025
2025-02-03 10:17:57.374493,COALINDIA27FEB25C370,OPTSTK,11.95,1024800,11.95,12.05,717150,1050,1050,COALINDIA,370.0,CE,27-FEB-2025
2025-02-03 10:18:09.085031,COALINDIA27FEB25C370,OPTSTK,11.95,1024800,11.95,12.05,717150,1050,1050,COALINDIA,370.0,CE,27-FEB-2025
2025-02-03 10:18:18.380589,COALINDIA27FEB25C370,OPTSTK,11.85,1025850,11.85,12.0,717150,3150,4200,COALINDIA,370.0,CE,27-FEB-2025
2025-02-03 10:18:25.805101,COALINDIA27FEB25C370,OPTSTK,11.85,1025850,11.85,12.0,717150,3150,4200,COALINDIA,370.0,CE,27-FEB-2025
2025-02-03 10:18:33.177283,COALINDIA27FEB25C370,OPTSTK,11.85,1025850,11.85,12.0,717150,3150,4200,COALINDIA,370.0,CE,27-FEB-2025
2025-02-03 10:18:40.610187,COALINDIA27FEB25C370,OPTSTK,12.0,1025850,11.85,12.0,717150,3150,4200,COALINDIA,370.0,CE,27-FEB-2025
2025-02-03 10:18:51.800167,COALINDIA27FEB25C370,OPTSTK,12.0,1027950,11.9,12.05,717150,4200,2100,COALINDIA,370.0,CE,27-FEB-2025
2025-02-03 10:19:03.687324,COALINDIA27FEB25C370,OPTSTK,12.0,1027950,11.9,12.05,717150,4200,2100,COALINDIA,370.0,CE,27-FEB-2025
2025-02-03 10:19:13.288981,COALINDIA27FEB25C370,OPTSTK,12.0,1027950,11.8,11.95,717150,3150,5250,COALINDIA,370.0,CE,27-FEB-2025
2025-02-03 10:19:23.085347,COALINDIA27FEB25C370,OPTSTK,12.0,1027950,11.8,11.95,717150,3150,5250,COALINDIA,370.0,CE,27-FEB-2025
2025-02-03 10:19:32.292043,COALINDIA27FEB25C370,OPTSTK,12.0,1027950,11.8,11.95,717150,3150,5250,COALINDIA,370.0,CE,27-FEB-2025
2025-02-03 10:19:39.884451,COALINDIA27FEB25C370,OPTSTK,12.0,1027950,11.8,11.95,723450,3150,5250,COALINDIA,370.0,CE,27-FEB-2025
2025-02-03 10:19:47.455535,COALINDIA27FEB25C370,OPTSTK,12.0,1029000,11.9,12.05,723450,4200,5250,COALINDIA,370.0,CE,27-FEB-2025
2025-02-03 10:19:54.523444,COALINDIA27FEB25C370,OPTSTK,12.0,1029000,11.9,12.05,723450,4200,5250,COALINDIA,370.0,CE,27-FEB-2025
2025-02-03 10:20:04.684337,COALINDIA27FEB25C370,OPTSTK,12.0,1029000,11.9,12.05,723450,4200,5250,COALINDIA,370.0,CE,27-FEB-2025
2025-02-03 10:20:14.924047,COALINDIA27FEB25C370,OPTSTK,12.0,1029000,11.9,12.05,723450,4200,5250,COALINDIA,370.0,CE,27-FEB-2025
2025-02-03 10:20:22.407835,COALINDIA27FEB25C370,OPTSTK,12.0,1029000,11.8,11.95,723450,3150,6300,COALINDIA,370.0,CE,27-FEB-2025
2025-02-03 10:20:29.879274,COALINDIA27FEB25C370,OPTSTK,11.9,1029000,11.8,11.95,723450,3150,6300,COALINDIA,370.0,CE,27-FEB-2025
2025-02-03 10:20:37.345132,COALINDIA27FEB25C370,OPTSTK,11.9,1029000,11.8,11.95,723450,3150,6300,COALINDIA,370.0,CE,27-FEB-2025
2025-02-03 10:20:44.903496,COALINDIA27FEB25C370,OPTSTK,11.95,1029000,11.8,11.95,723450,3150,6300,COALINDIA,370.0,CE,27-FEB-2025
2025-02-03 10:20:52.931350,COALINDIA27FEB25C370,OPTSTK,11.95,1032150,11.9,12.0,723450,1050,1050,COALINDIA,370.0,CE,27-FEB-2025
2025-02-03 10:21:03.898313,COALINDIA27FEB25C370,OPTSTK,12.05,1032150,11.9,12.0,723450,1050,1050,COALINDIA,370.0,CE,27-FEB-2025
2025-02-03 10:21:14.866910,COALINDIA27FEB25C370,OPTSTK,12.05,1047900,12.2,12.35,723450,4200,4200,COALINDIA,370.0,CE,27-FEB-2025
2025-02-03 10:21:25.586878,COALINDIA27FEB25C370,OPTSTK,12.4,1047900,12.2,12.35,723450,4200,4200,COALINDIA,370.0,CE,27-FEB-2025
2025-02-03 10:21:36.345754,COALINDIA27FEB25C370,OPTSTK,12.7,1047900,12.2,12.35,723450,4200,4200,COALINDIA,370.0,CE,27-FEB-2025
2025-02-03 10:21:44.705465,COALINDIA27FEB25C370,OPTSTK,12.7,1047900,12.2,12.35,723450,4200,4200,COALINDIA,370.0,CE,27-FEB-2025
2025-02-03 10:21:52.164946,COALINDIA27FEB25C370,OPTSTK,12.8,1058400,12.7,12.9,714000,5250,10500,COALINDIA,370.0,CE,27-FEB-2025
2025-02-03 10:21:59.738423,COALINDIA27FEB25C370,OPTSTK,12.7,1058400,12.7,12.9,714000,5250,10500,COALINDIA,370.0,CE,27-FEB-2025
2025-02-03 10:22:07.097915,COALINDIA27FEB25C370,OPTSTK,12.7,1058400,12.7,12.9,714000,5250,10500,COALINDIA,370.0,CE,27-FEB-2025
2025-02-03 10:22:14.362273,COALINDIA27FEB25C370,OPTSTK,12.65,1058400,12.7,12.9,714000,5250,10500,COALINDIA,370.0,CE,27-FEB-2025
2025-02-03 10:22:22.529338,COALINDIA27FEB25C370,OPTSTK,12.65,1062600,12.55,12.7,714000,3150,4200,COALINDIA,370.0,CE,27-FEB-2025
2025-02-03 10:22:30.493835,COALINDIA27FEB25C370,OPTSTK,12.65,1062600,12.55,12.7,714000,3150,4200,COALINDIA,370.0,CE,27-FEB-2025
2025-02-03 10:22:41.807744,COALINDIA27FEB25C370,OPTSTK,12.7,1062600,12.55,12.7,714000,3150,4200,COALINDIA,370.0,CE,27-FEB-2025
2025-02-03 10:22:53.119017,COALINDIA27FEB25C370,OPTSTK,12.7,1063650,12.7,12.85,714000,5250,2100,COALINDIA,370.0,CE,27-FEB-2025
2025-02-03 10:23:00.758178,COALINDIA27FEB25C370,OPTSTK,12.8,1063650,12.7,12.85,714000,5250,2100,COALINDIA,370.0,CE,27-FEB-2025
2025-02-03 10:23:16.141039,COALINDIA27FEB25C370,OPTSTK,12.8,1063650,12.7,12.85,714000,5250,2100,COALINDIA,370.0,CE,27-FEB-2025
2025-02-03 10:23:27.665979,COALINDIA27FEB25C370,OPTSTK,12.5,1066800,12.55,12.7,714000,1050,4200,COALINDIA,370.0,CE,27-FEB-2025
2025-02-03 10:23:36.807836,COALINDIA27FEB25C370,OPTSTK,12.4,1066800,12.55,12.7,714000,1050,4200,COALINDIA,370.0,CE,27-FEB-2025
2025-02-03 10:23:44.926093,COALINDIA27FEB25C370,OPTSTK,12.4,1066800,12.55,12.7,714000,1050,4200,COALINDIA,370.0,CE,27-FEB-2025
2025-02-03 10:23:52.543264,COALINDIA27FEB25C370,OPTSTK,12.3,1072050,12.15,12.3,714000,4200,2100,COALINDIA,370.0,CE,27-FEB-2025
2025-02-03 10:24:00.043997,COALINDIA27FEB25C370,OPTSTK,12.3,1072050,12.15,12.3,714000,4200,2100,COALINDIA,370.0,CE,27-FEB-2025
2025-02-03 10:24:07.307141,COALINDIA27FEB25C370,OPTSTK,12.3,1072050,12.15,12.3,714000,4200,2100,COALINDIA,370.0,CE,27-FEB-2025
2025-02-03 10:24:14.726965,COALINDIA27FEB25C370,OPTSTK,12.3,1072050,12.15,12.3,714000,4200,2100,COALINDIA,370.0,CE,27-FEB-2025
2025-02-03 10:24:22.364621,COALINDIA27FEB25C370,OPTSTK,12.35,1073100,12.15,12.3,714000,5250,4200,COALINDIA,370.0,CE,27-FEB-2025
2025-02-03 10:24:29.755665,COALINDIA27FEB25C370,OPTSTK,12.35,1073100,12.15,12.3,714000,5250,4200,COALINDIA,370.0,CE,27-FEB-2025
2025-02-03 10:24:37.052856,COALINDIA27FEB25C370,OPTSTK,12.35,1073100,12.15,12.3,714000,5250,4200,COALINDIA,370.0,CE,27-FEB-2025
2025-02-03 10:24:44.542676,COALINDIA27FEB25C370,OPTSTK,12.4,1073100,12.15,12.3,718200,5250,4200,COALINDIA,370.0,CE,27-FEB-2025
2025-02-03 10:24:52.378731,COALINDIA27FEB25C370,OPTSTK,12.4,1076250,12.35,12.45,718200,2100,1050,COALINDIA,370.0,CE,27-FEB-2025
2025-02-03 10:25:00.838252,COALINDIA27FEB25C370,OPTSTK,12.4,1076250,12.35,12.45,718200,2100,1050,COALINDIA,370.0,CE,27-FEB-2025
2025-02-03 10:25:08.191938,COALINDIA27FEB25C370,OPTSTK,12.4,1076250,12.35,12.45,718200,2100,1050,COALINDIA,370.0,CE,27-FEB-2025
2025-02-03 10:25:15.753799,COALINDIA27FEB25C370,OPTSTK,12.5,1076250,12.35,12.45,718200,2100,1050,COALINDIA,370.0,CE,27-FEB-2025
2025-02-03 10:25:23.271680,COALINDIA27FEB25C370,OPTSTK,12.5,1078350,12.3,12.45,718200,1050,3150,COALINDIA,370.0,CE,27-FEB-2025
2025-02-03 10:25:31.114095,COALINDIA27FEB25C370,OPTSTK,12.5,1078350,12.3,12.45,718200,1050,3150,COALINDIA,370.0,CE,27-FEB-2025
2025-02-03 10:25:38.458326,COALINDIA27FEB25C370,OPTSTK,12.5,1078350,12.3,12.45,718200,1050,3150,COALINDIA,370.0,CE,27-FEB-2025
2025-02-03 10:25:45.835804,COALINDIA27FEB25C370,OPTSTK,12.5,1078350,12.3,12.45,718200,1050,3150,COALINDIA,370.0,CE,27-FEB-2025
2025-02-03 10:25:53.373129,COALINDIA27FEB25C370,OPTSTK,12.5,1078350,12.35,12.5,718200,4200,3150,COALINDIA,370.0,CE,27-FEB-2025
2025-02-03 10:26:02.245233,COALINDIA27FEB25C370,OPTSTK,12.5,1078350,12.35,12.5,718200,4200,3150,COALINDIA,370.0,CE,27-FEB-2025
2025-02-03 10:26:09.671504,COALINDIA27FEB25C370,OPTSTK,12.5,1078350,12.35,12.5,718200,4200,3150,COALINDIA,370.0,CE,27-FEB-2025
2025-02-03 10:26:17.058369,COALINDIA27FEB25C370,OPTSTK,12.5,1078350,12.35,12.5,718200,4200,3150,COALINDIA,370.0,CE,27-FEB-2025
2025-02-03 10:26:24.707697,COALINDIA27FEB25C370,OPTSTK,12.5,1080450,12.45,12.6,718200,7350,1050,COALINDIA,370.0,CE,27-FEB-2025
2025-02-03 10:26:33.396854,COALINDIA27FEB25C370,OPTSTK,12.55,1080450,12.45,12.6,718200,7350,1050,COALINDIA,370.0,CE,27-FEB-2025
2025-02-03 10:26:42.344861,COALINDIA27FEB25C370,OPTSTK,12.55,1080450,12.45,12.6,718200,7350,1050,COALINDIA,370.0,CE,27-FEB-2025
2025-02-03 10:26:51.931419,COALINDIA27FEB25C370,OPTSTK,12.55,1082550,12.25,12.4,718200,11550,2100,COALINDIA,370.0,CE,27-FEB-2025
2025-02-03 10:27:02.235984,COALINDIA27FEB25C370,OPTSTK,12.55,1082550,12.25,12.4,718200,11550,2100,COALINDIA,370.0,CE,27-FEB-2025
2025-02-03 10:27:13.185328,COALINDIA27FEB25C370,OPTSTK,12.3,1082550,12.25,12.4,718200,11550,2100,COALINDIA,370.0,CE,27-FEB-2025
2025-02-03 10:27:22.645118,COALINDIA27FEB25C370,OPTSTK,12.25,1098300,12.3,12.45,718200,2100,5250,COALINDIA,370.0,CE,27-FEB-2025
2025-02-03 10:27:30.097339,COALINDIA27FEB25C370,OPTSTK,12.35,1098300,12.3,12.45,718200,2100,5250,COALINDIA,370.0,CE,27-FEB-2025
2025-02-03 10:27:38.016688,COALINDIA27FEB25C370,OPTSTK,12.3,1098300,12.3,12.45,718200,2100,5250,COALINDIA,370.0,CE,27-FEB-2025
2025-02-03 10:27:45.423692,COALINDIA27FEB25C370,OPTSTK,12.3,1098300,12.3,12.45,718200,2100,5250,COALINDIA,370.0,CE,27-FEB-2025
2025-02-03 10:27:52.543148,COALINDIA27FEB25C370,OPTSTK,12.3,1100400,12.1,12.25,718200,5250,3150,COALINDIA,370.0,CE,27-FEB-2025
2025-02-03 10:27:59.841599,COALINDIA27FEB25C370,OPTSTK,12.3,1100400,12.1,12.25,718200,5250,3150,COALINDIA,370.0,CE,27-FEB-2025
2025-02-03 10:28:07.110348,COALINDIA27FEB25C370,OPTSTK,12.3,1100400,12.1,12.25,718200,5250,3150,COALINDIA,370.0,CE,27-FEB-2025
2025-02-03 10:28:14.591597,COALINDIA27FEB25C370,OPTSTK,12.3,1100400,12.1,12.25,718200,5250,3150,COALINDIA,370.0,CE,27-FEB-2025
2025-02-03 10:28:22.138321,COALINDIA27FEB25C370,OPTSTK,12.3,1100400,12.1,12.25,718200,6300,1050,COALINDIA,370.0,CE,27-FEB-2025
2025-02-03 10:28:29.320161,COALINDIA27FEB25C370,OPTSTK,12.3,1100400,12.1,12.25,718200,6300,1050,COALINDIA,370.0,CE,27-FEB-2025
2025-02-03 10:28:36.598619,COALINDIA27FEB25C370,OPTSTK,12.2,1100400,12.1,12.25,704550,6300,1050,COALINDIA,370.0,CE,27-FEB-2025
2025-02-03 10:28:43.862333,COALINDIA27FEB25C370,OPTSTK,12.2,1100400,12.1,12.25,704550,6300,1050,COALINDIA,370.0,CE,27-FEB-2025
2025-02-03 10:28:52.193863,COALINDIA27FEB25C370,OPTSTK,12.0,1106700,12.0,12.1,704550,2100,2100,COALINDIA,370.0,CE,27-FEB-2025
2025-02-03 10:29:06.011085,COALINDIA27FEB25C370,OPTSTK,12.0,1106700,12.0,12.1,704550,2100,2100,COALINDIA,370.0,CE,27-FEB-2025
2025-02-03 10:29:18.686028,COALINDIA27FEB25C370,OPTSTK,12.0,1106700,12.0,12.1,704550,2100,2100,COALINDIA,370.0,CE,27-FEB-2025
2025-02-03 10:29:26.802774,COALINDIA27FEB25C370,OPTSTK,12.0,1107750,11.9,12.0,704550,4200,1050,COALINDIA,370.0,CE,27-FEB-2025
2025-02-03 10:29:34.444191,COALINDIA27FEB25C370,OPTSTK,12.0,1107750,11.9,12.0,704550,4200,1050,COALINDIA,370.0,CE,27-FEB-2025
2025-02-03 10:29:47.331509,COALINDIA27FEB25C370,OPTSTK,12.0,1107750,11.9,12.0,704550,4200,1050,COALINDIA,370.0,CE,27-FEB-2025
2025-02-03 10:29:55.543665,COALINDIA27FEB25C370,OPTSTK,12.0,1108800,12.0,12.15,704550,5250,4200,COALINDIA,370.0,CE,27-FEB-2025
2025-02-03 10:30:03.028967,COALINDIA27FEB25C370,OPTSTK,12.0,1108800,12.0,12.15,704550,5250,4200,COALINDIA,370.0,CE,27-FEB-2025
2025-02-03 10:30:10.330164,COALINDIA27FEB25C370,OPTSTK,12.0,1108800,12.0,12.15,704550,5250,4200,COALINDIA,370.0,CE,27-FEB-2025
2025-02-03 10:30:17.771943,COALINDIA27FEB25C370,OPTSTK,12.0,1108800,12.0,12.15,704550,5250,4200,COALINDIA,370.0,CE,27-FEB-2025
2025-02-03 10:30:26.382670,COALINDIA27FEB25C370,OPTSTK,12.0,1108800,12.15,12.25,704550,2100,1050,COALINDIA,370.0,CE,27-FEB-2025
2025-02-03 10:30:33.583077,COALINDIA27FEB25C370,OPTSTK,12.0,1108800,12.15,12.25,704550,2100,1050,COALINDIA,370.0,CE,27-FEB-2025
2025-02-03 10:30:40.931621,COALINDIA27FEB25C370,OPTSTK,12.0,1108800,12.15,12.25,704550,2100,1050,COALINDIA,370.0,CE,27-FEB-2025
2025-02-03 10:30:48.442700,COALINDIA27FEB25C370,OPTSTK,12.0,1108800,12.15,12.25,704550,2100,1050,COALINDIA,370.0,CE,27-FEB-2025
2025-02-03 10:30:55.665085,COALINDIA27FEB25C370,OPTSTK,12.0,1108800,12.15,12.25,704550,2100,1050,COALINDIA,370.0,CE,27-FEB-2025
2025-02-03 10:31:02.919510,COALINDIA27FEB25C370,OPTSTK,12.0,1108800,12.1,12.25,704550,1050,4200,COALINDIA,370.0,CE,27-FEB-2025
2025-02-03 10:31:10.659177,COALINDIA27FEB25C370,OPTSTK,12.0,1108800,12.1,12.25,704550,1050,4200,COALINDIA,370.0,CE,27-FEB-2025
2025-02-03 10:31:17.999690,COALINDIA27FEB25C370,OPTSTK,12.0,1108800,12.1,12.25,704550,1050,4200,COALINDIA,370.0,CE,27-FEB-2025
2025-02-03 10:31:25.212012,COALINDIA27FEB25C370,OPTSTK,12.3,1108800,12.1,12.25,702450,1050,4200,COALINDIA,370.0,CE,27-FEB-2025
2025-02-03 10:31:32.599917,COALINDIA27FEB25C370,OPTSTK,12.3,1109850,12.25,12.4,702450,2100,6300,COALINDIA,370.0,CE,27-FEB-2025
2025-02-03 10:31:39.785422,COALINDIA27FEB25C370,OPTSTK,12.3,1109850,12.25,12.4,702450,2100,6300,COALINDIA,370.0,CE,27-FEB-2025
2025-02-03 10:31:47.504368,COALINDIA27FEB25C370,OPTSTK,12.25,1124550,12.05,12.2,703500,3150,2100,COALINDIA,370.0,CE,27-FEB-2025
2025-02-03 10:34:39.459336,COALINDIA27FEB25C370,OPTSTK,12.25,1124550,12.05,12.2,703500,3150,2100,COALINDIA,370.0,CE,27-FEB-2025
2025-02-03 10:34:47.380841,COALINDIA27FEB25C370,OPTSTK,12.25,1124550,12.05,12.2,703500,3150,2100,COALINDIA,370.0,CE,27-FEB-2025
2025-02-03 10:34:55.544434,COALINDIA27FEB25C370,OPTSTK,12.35,1125600,12.35,12.5,703500,1050,5250,COALINDIA,370.0,CE,27-FEB-2025
2025-02-03 10:35:02.912994,COALINDIA27FEB25C370,OPTSTK,12.35,1125600,12.35,12.5,703500,1050,5250,COALINDIA,370.0,CE,27-FEB-2025
2025-02-03 10:35:10.149801,COALINDIA27FEB25C370,OPTSTK,12.4,1125600,12.35,12.5,703500,1050,5250,COALINDIA,370.0,CE,27-FEB-2025
2025-02-03 10:35:17.465433,COALINDIA27FEB25C370,OPTSTK,12.35,1143450,12.35,12.5,700350,1050,8400,COALINDIA,370.0,CE,27-FEB-2025
2025-02-03 10:38:26.386442,COALINDIA27FEB25C370,OPTSTK,12.35,1148700,12.3,12.45,700350,1050,3150,COALINDIA,370.0,CE,27-FEB-2025
2025-02-03 10:38:34.112239,COALINDIA27FEB25C370,OPTSTK,12.35,1148700,12.3,12.45,700350,1050,3150,COALINDIA,370.0,CE,27-FEB-2025
2025-02-03 10:38:42.300738,COALINDIA27FEB25C370,OPTSTK,12.35,1148700,12.3,12.45,700350,1050,3150,COALINDIA,370.0,CE,27-FEB-2025
2025-02-03 10:38:50.063996,COALINDIA27FEB25C370,OPTSTK,12.35,1148700,12.4,12.55,700350,1050,2100,COALINDIA,370.0,CE,27-FEB-2025
2025-02-03 10:38:57.994676,COALINDIA27FEB25C370,OPTSTK,12.35,1153950,12.3,12.45,703500,1050,3150,COALINDIA,370.0,CE,27-FEB-2025
2025-02-03 10:40:50.489871,COALINDIA27FEB25C370,OPTSTK,12.35,1153950,12.4,12.55,703500,1050,3150,COALINDIA,370.0,CE,27-FEB-2025
2025-02-03 10:40:58.274419,COALINDIA27FEB25C370,OPTSTK,12.35,1153950,12.4,12.55,703500,1050,3150,COALINDIA,370.0,CE,27-FEB-2025
2025-02-03 10:41:06.782384,COALINDIA27FEB25C370,OPTSTK,12.35,1153950,12.4,12.55,703500,1050,3150,COALINDIA,370.0,CE,27-FEB-2025
2025-02-03 10:41:15.906003,COALINDIA27FEB25C370,OPTSTK,12.4,1155000,12.4,12.55,703500,1050,2100,COALINDIA,370.0,CE,27-FEB-2025
2025-02-03 10:41:23.291110,COALINDIA27FEB25C370,OPTSTK,13.0,1177050,12.9,13.05,699300,4200,2100,COALINDIA,370.0,CE,27-FEB-2025
2025-02-03 10:43:59.322773,COALINDIA27FEB25C370,OPTSTK,13.0,1177050,12.9,13.05,699300,4200,2100,COALINDIA,370.0,CE,27-FEB-2025
2025-02-03 10:44:07.423169,COALINDIA27FEB25C370,OPTSTK,13.0,1177050,12.9,13.05,699300,4200,2100,COALINDIA,370.0,CE,27-FEB-2025
2025-02-03 10:44:20.497011,COALINDIA27FEB25C370,OPTSTK,13.15,1180200,13.1,13.2,699300,3150,3150,COALINDIA,370.0,CE,27-FEB-2025
2025-02-03 10:44:31.557140,COALINDIA27FEB25C370,OPTSTK,13.15,1180200,13.1,13.2,699300,3150,3150,COALINDIA,370.0,CE,27-FEB-2025
2025-02-03 10:44:43.687728,COALINDIA27FEB25C370,OPTSTK,13.15,1180200,13.1,13.2,699300,3150,3150,COALINDIA,370.0,CE,27-FEB-2025
2025-02-03 10:44:52.224325,COALINDIA27FEB25C370,OPTSTK,13.1,1200150,13.05,13.2,699300,3150,7350,COALINDIA,370.0,CE,27-FEB-2025
2025-02-03 10:45:01.619077,COALINDIA27FEB25C370,OPTSTK,13.15,1200150,13.05,13.2,699300,3150,7350,COALINDIA,370.0,CE,27-FEB-2025
2025-02-03 10:45:09.453176,COALINDIA27FEB25C370,OPTSTK,13.3,1200150,13.05,13.2,699300,3150,7350,COALINDIA,370.0,CE,27-FEB-2025
2025-02-03 13:09:08.160236,COALINDIA27FEB25C370,OPTSTK,12.85,1715700,12.7,12.8,731850,1050,1050,COALINDIA,370.0,CE,27-FEB-2025
2025-02-03 13:10:54.982493,COALINDIA27FEB25C370,OPTSTK,12.75,1719900,12.75,12.9,731850,2100,3150,COALINDIA,370.0,CE,27-FEB-2025
2025-02-03 13:11:01.483146,COALINDIA27FEB25C370,OPTSTK,12.75,1720950,12.6,12.75,731850,2100,1050,COALINDIA,370.0,CE,27-FEB-2025
2025-02-03 13:12:06.975173,COALINDIA27FEB25C370,OPTSTK,12.75,1720950,12.7,12.85,731850,1050,1050,COALINDIA,370.0,CE,27-FEB-2025
2025-02-03 13:12:13.563337,COALINDIA27FEB25C370,OPTSTK,12.75,1720950,12.7,12.85,731850,1050,1050,COALINDIA,370.0,CE,27-FEB-2025
2025-02-03 13:12:21.566476,COALINDIA27FEB25C370,OPTSTK,12.75,1720950,12.7,12.85,731850,1050,1050,COALINDIA,370.0,CE,27-FEB-2025
2025-02-03 13:12:28.095515,COALINDIA27FEB25C370,OPTSTK,12.75,1720950,12.65,12.75,731850,2100,2100,COALINDIA,370.0,CE,27-FEB-2025
2025-02-03 13:12:35.248046,COALINDIA27FEB25C370,OPTSTK,12.75,1720950,12.65,12.75,731850,2100,2100,COALINDIA,370.0,CE,27-FEB-2025
2025-02-03 13:12:41.351801,COALINDIA27FEB25C370,OPTSTK,12.75,1720950,12.65,12.75,731850,2100,2100,COALINDIA,370.0,CE,27-FEB-2025
2025-02-03 13:12:48.725243,COALINDIA27FEB25C370,OPTSTK,12.75,1720950,12.65,12.75,731850,2100,2100,COALINDIA,370.0,CE,27-FEB-2025
2025-02-03 13:12:57.061552,COALINDIA27FEB25C370,OPTSTK,12.75,1723050,12.75,12.9,731850,4200,3150,COALINDIA,370.0,CE,27-FEB-2025
2025-02-03 13:13:04.976348,COALINDIA27FEB25C370,OPTSTK,12.75,1723050,12.75,12.9,731850,4200,3150,COALINDIA,370.0,CE,27-FEB-2025
2025-02-03 13:13:11.519569,COALINDIA27FEB25C370,OPTSTK,12.75,1723050,12.75,12.9,731850,4200,3150,COALINDIA,370.0,CE,27-FEB-2025
2025-02-03 13:13:17.996264,COALINDIA27FEB25C370,OPTSTK,13.0,1723050,12.75,12.9,730800,4200,3150,COALINDIA,370.0,CE,27-FEB-2025
2025-02-03 13:13:23.973374,COALINDIA27FEB25C370,OPTSTK,13.0,1728300,12.9,13.05,730800,2100,3150,COALINDIA,370.0,CE,27-FEB-2025
2025-02-03 13:13:30.210383,COALINDIA27FEB25C370,OPTSTK,13.0,1728300,12.9,13.05,730800,2100,3150,COALINDIA,370.0,CE,27-FEB-2025
2025-02-03 13:13:36.333333,COALINDIA27FEB25C370,OPTSTK,13.0,1728300,12.9,13.05,730800,2100,3150,COALINDIA,370.0,CE,27-FEB-2025
2025-02-03 13:13:42.779416,COALINDIA27FEB25C370,OPTSTK,13.0,1728300,12.9,13.05,730800,2100,3150,COALINDIA,370.0,CE,27-FEB-2025
2025-02-03 13:13:49.069028,COALINDIA27FEB25C370,OPTSTK,13.0,1728300,12.9,13.05,730800,2100,3150,COALINDIA,370.0,CE,27-FEB-2025
2025-02-03 13:13:56.673382,COALINDIA27FEB25C370,OPTSTK,13.0,1728300,12.95,13.1,730800,2100,1050,COALINDIA,370.0,CE,27-FEB-2025
2025-02-03 13:14:03.740793,COALINDIA27FEB25C370,OPTSTK,13.0,1728300,12.95,13.1,730800,2100,1050,COALINDIA,370.0,CE,27-FEB-2025
2025-02-03 13:14:12.348317,COALINDIA27FEB25C370,OPTSTK,13.0,1728300,12.95,13.1,730800,2100,1050,COALINDIA,370.0,CE,27-FEB-2025
2025-02-03 13:14:19.787887,COALINDIA27FEB25C370,OPTSTK,13.0,1730400,13.0,13.1,730800,1050,1050,COALINDIA,370.0,CE,27-FEB-2025
2025-02-03 13:14:26.030632,COALINDIA27FEB25C370,OPTSTK,13.0,1730400,13.0,13.1,730800,1050,1050,COALINDIA,370.0,CE,27-FEB-2025
2025-02-03 13:14:32.362911,COALINDIA27FEB25C370,OPTSTK,13.0,1730400,13.0,13.1,730800,1050,1050,COALINDIA,370.0,CE,27-FEB-2025
2025-02-03 13:14:38.639461,COALINDIA27FEB25C370,OPTSTK,13.0,1730400,13.0,13.1,730800,1050,1050,COALINDIA,370.0,CE,27-FEB-2025
2025-02-03 13:14:45.013626,COALINDIA27FEB25C370,OPTSTK,13.0,1730400,13.0,13.1,730800,1050,1050,COALINDIA,370.0,CE,27-FEB-2025
2025-02-03 13:14:51.861991,COALINDIA27FEB25C370,OPTSTK,13.0,1732500,12.95,13.1,730800,2100,2100,COALINDIA,370.0,CE,27-FEB-2025
2025-02-03 13:14:58.180985,COALINDIA27FEB25C370,OPTSTK,13.0,1732500,12.95,13.1,730800,2100,2100,COALINDIA,370.0,CE,27-FEB-2025
2025-02-03 13:15:04.440904,COALINDIA27FEB25C370,OPTSTK,13.0,1732500,12.95,13.1,730800,2100,2100,COALINDIA,370.0,CE,27-FEB-2025
2025-02-03 13:15:10.692247,COALINDIA27FEB25C370,OPTSTK,13.0,1732500,12.95,13.1,730800,2100,2100,COALINDIA,370.0,CE,27-FEB-2025
2025-02-03 13:15:16.824503,COALINDIA27FEB25C370,OPTSTK,13.0,1733550,12.95,13.1,730800,1050,3150,COALINDIA,370.0,CE,27-FEB-2025
2025-02-03 13:15:25.123495,COALINDIA27FEB25C370,OPTSTK,13.0,1733550,12.95,13.1,730800,1050,3150,COALINDIA,370.0,CE,27-FEB-2025
2025-02-03 13:15:33.459915,COALINDIA27FEB25C370,OPTSTK,13.0,1733550,12.95,13.1,730800,1050,3150,COALINDIA,370.0,CE,27-FEB-2025
2025-02-03 13:15:41.032587,COALINDIA27FEB25C370,OPTSTK,13.0,1733550,12.95,13.1,730800,1050,3150,COALINDIA,370.0,CE,27-FEB-2025
2025-02-03 13:15:47.244282,COALINDIA27FEB25C370,OPTSTK,13.0,1733550,12.95,13.1,730800,1050,3150,COALINDIA,370.0,CE,27-FEB-2025
2025-02-03 13:15:53.472636,COALINDIA27FEB25C370,OPTSTK,13.0,1733550,12.85,13.0,730800,1050,1050,COALINDIA,370.0,CE,27-FEB-2025
2025-02-03 13:15:59.925373,COALINDIA27FEB25C370,OPTSTK,13.0,1733550,12.85,13.0,730800,1050,1050,COALINDIA,370.0,CE,27-FEB-2025
2025-02-03 13:16:06.191434,COALINDIA27FEB25C370,OPTSTK,13.0,1733550,12.85,13.0,730800,1050,1050,COALINDIA,370.0,CE,27-FEB-2025
2025-02-03 13:16:12.849391,COALINDIA27FEB25C370,OPTSTK,13.0,1733550,12.85,13.0,730800,1050,1050,COALINDIA,370.0,CE,27-FEB-2025
2025-02-03 13:16:19.924427,COALINDIA27FEB25C370,OPTSTK,13.0,1733550,12.8,12.95,730800,1050,2100,COALINDIA,370.0,CE,27-FEB-2025
2025-02-03 13:16:27.248636,COALINDIA27FEB25C370,OPTSTK,13.0,1733550,12.8,12.95,730800,1050,2100,COALINDIA,370.0,CE,27-FEB-2025
2025-02-03 13:16:33.824304,COALINDIA27FEB25C370,OPTSTK,13.0,1733550,12.8,12.95,730800,1050,2100,COALINDIA,370.0,CE,27-FEB-2025
2025-02-03 13:16:40.847391,COALINDIA27FEB25C370,OPTSTK,13.0,1733550,12.8,12.95,730800,1050,2100,COALINDIA,370.0,CE,27-FEB-2025
2025-02-03 13:16:47.548584,COALINDIA27FEB25C370,OPTSTK,13.0,1733550,12.95,13.1,730800,1050,2100,COALINDIA,370.0,CE,27-FEB-2025
2025-02-03 13:16:54.136902,COALINDIA27FEB25C370,OPTSTK,13.0,1733550,12.95,13.1,727650,1050,2100,COALINDIA,370.0,CE,27-FEB-2025
2025-02-03 13:17:00.585656,COALINDIA27FEB25C370,OPTSTK,13.0,1733550,12.95,13.1,727650,1050,2100,COALINDIA,370.0,CE,27-FEB-2025
2025-02-03 13:17:06.941623,COALINDIA27FEB25C370,OPTSTK,13.0,1733550,12.95,13.1,727650,1050,2100,COALINDIA,370.0,CE,27-FEB-2025
2025-02-03 13:17:14.289780,COALINDIA27FEB25C370,OPTSTK,13.0,1733550,12.95,13.1,727650,1050,2100,COALINDIA,370.0,CE,27-FEB-2025
2025-02-03 13:17:20.676920,COALINDIA27FEB25C370,OPTSTK,13.0,1735650,12.9,13.05,727650,2100,1050,COALINDIA,370.0,CE,27-FEB-2025
2025-02-03 13:17:27.089729,COALINDIA27FEB25C370,OPTSTK,13.0,1735650,12.9,13.05,727650,2100,1050,COALINDIA,370.0,CE,27-FEB-2025
2025-02-03 13:17:33.395518,COALINDIA27FEB25C370,OPTSTK,13.0,1735650,12.9,13.05,727650,2100,1050,COALINDIA,370.0,CE,27-FEB-2025
2025-02-03 13:17:39.779757,COALINDIA27FEB25C370,OPTSTK,13.0,1735650,12.9,13.05,727650,2100,1050,COALINDIA,370.0,CE,27-FEB-2025
2025-02-03 13:17:46.092434,COALINDIA27FEB25C370,OPTSTK,13.0,1735650,12.8,12.95,727650,2100,1050,COALINDIA,370.0,CE,27-FEB-2025
2025-02-03 13:17:52.429219,COALINDIA27FEB25C370,OPTSTK,13.0,1735650,12.8,12.95,727650,2100,1050,COALINDIA,370.0,CE,27-FEB-2025
2025-02-03 13:17:59.188757,COALINDIA27FEB25C370,OPTSTK,13.0,1735650,12.8,12.95,727650,2100,1050,COALINDIA,370.0,CE,27-FEB-2025
2025-02-03 13:18:05.694481,COALINDIA27FEB25C370,OPTSTK,12.95,1735650,12.8,12.95,727650,2100,1050,COALINDIA,370.0,CE,27-FEB-2025
2025-02-03 13:18:12.204483,COALINDIA27FEB25C370,OPTSTK,12.95,1735650,12.8,12.95,727650,2100,1050,COALINDIA,370.0,CE,27-FEB-2025
2025-02-03 13:18:18.494409,COALINDIA27FEB25C370,OPTSTK,12.95,1736700,12.75,12.9,727650,14700,1050,COALINDIA,370.0,CE,27-FEB-2025
2025-02-03 13:18:24.702243,COALINDIA27FEB25C370,OPTSTK,12.95,1736700,12.75,12.9,727650,14700,1050,COALINDIA,370.0,CE,27-FEB-2025
2025-02-03 13:18:31.123235,COALINDIA27FEB25C370,OPTSTK,12.95,1736700,12.75,12.9,727650,14700,1050,COALINDIA,370.0,CE,27-FEB-2025
2025-02-03 13:18:37.634491,COALINDIA27FEB25C370,OPTSTK,12.95,1736700,12.75,12.9,727650,14700,1050,COALINDIA,370.0,CE,27-FEB-2025
2025-02-03 13:18:43.953525,COALINDIA27FEB25C370,OPTSTK,12.95,1736700,12.75,12.9,727650,13650,1050,COALINDIA,370.0,CE,27-FEB-2025
2025-02-03 13:18:50.535270,COALINDIA27FEB25C370,OPTSTK,12.95,1736700,12.75,12.9,727650,13650,1050,COALINDIA,370.0,CE,27-FEB-2025
2025-02-03 13:18:56.951202,COALINDIA27FEB25C370,OPTSTK,12.95,1736700,12.75,12.9,727650,13650,1050,COALINDIA,370.0,CE,27-FEB-2025
2025-02-03 13:19:03.489672,COALINDIA27FEB25C370,OPTSTK,12.95,1736700,12.75,12.9,727650,13650,1050,COALINDIA,370.0,CE,27-FEB-2025
2025-02-03 13:19:09.942267,COALINDIA27FEB25C370,OPTSTK,12.95,1736700,12.75,12.9,727650,13650,1050,COALINDIA,370.0,CE,27-FEB-2025
2025-02-03 13:19:16.323081,COALINDIA27FEB25C370,OPTSTK,12.95,1736700,12.75,12.85,727650,12600,1050,COALINDIA,370.0,CE,27-FEB-2025
2025-02-03 13:19:22.741035,COALINDIA27FEB25C370,OPTSTK,12.95,1736700,12.75,12.85,727650,12600,1050,COALINDIA,370.0,CE,27-FEB-2025
2025-02-03 13:19:29.070981,COALINDIA27FEB25C370,OPTSTK,12.75,1736700,12.75,12.85,730800,12600,1050,COALINDIA,370.0,CE,27-FEB-2025
2025-02-03 13:19:35.456421,COALINDIA27FEB25C370,OPTSTK,12.75,1736700,12.75,12.85,730800,12600,1050,COALINDIA,370.0,CE,27-FEB-2025
2025-02-03 13:19:42.188868,COALINDIA27FEB25C370,OPTSTK,12.75,1748250,12.65,12.8,730800,1050,5250,COALINDIA,370.0,CE,27-FEB-2025
2025-02-03 13:19:48.724003,COALINDIA27FEB25C370,OPTSTK,12.6,1748250,12.65,12.8,730800,1050,5250,COALINDIA,370.0,CE,27-FEB-2025
2025-02-03 13:19:55.083237,COALINDIA27FEB25C370,OPTSTK,12.6,1748250,12.65,12.8,730800,1050,5250,COALINDIA,370.0,CE,27-FEB-2025
2025-02-03 13:20:01.518622,COALINDIA27FEB25C370,OPTSTK,12.6,1748250,12.65,12.8,730800,1050,5250,COALINDIA,370.0,CE,27-FEB-2025
2025-02-03 13:20:07.924854,COALINDIA27FEB25C370,OPTSTK,12.55,1748250,12.65,12.8,730800,1050,5250,COALINDIA,370.0,CE,27-FEB-2025
2025-02-03 13:20:14.281806,COALINDIA27FEB25C370,OPTSTK,12.55,1753500,12.55,12.7,730800,1050,5250,COALINDIA,370.0,CE,27-FEB-2025
2025-02-03 13:20:20.721747,COALINDIA27FEB25C370,OPTSTK,12.55,1753500,12.55,12.7,730800,1050,5250,COALINDIA,370.0,CE,27-FEB-2025
2025-02-03 13:20:27.127637,COALINDIA27FEB25C370,OPTSTK,12.6,1753500,12.55,12.7,730800,1050,5250,COALINDIA,370.0,CE,27-FEB-2025
2025-02-03 13:20:33.692291,COALINDIA27FEB25C370,OPTSTK,12.6,1753500,12.55,12.7,730800,1050,5250,COALINDIA,370.0,CE,27-FEB-2025
2025-02-03 13:20:40.066753,COALINDIA27FEB25C370,OPTSTK,12.6,1753500,12.55,12.7,730800,1050,5250,COALINDIA,370.0,CE,27-FEB-2025
2025-02-03 13:20:46.297966,COALINDIA27FEB25C370,OPTSTK,12.6,1754550,12.65,12.75,730800,1050,1050,COALINDIA,370.0,CE,27-FEB-2025
2025-02-03 13:20:52.523648,COALINDIA27FEB25C370,OPTSTK,12.6,1754550,12.65,12.75,730800,1050,1050,COALINDIA,370.0,CE,27-FEB-2025
2025-02-03 13:20:58.935701,COALINDIA27FEB25C370,OPTSTK,12.6,1754550,12.65,12.75,730800,1050,1050,COALINDIA,370.0,CE,27-FEB-2025
2025-02-03 13:21:05.269726,COALINDIA27FEB25C370,OPTSTK,12.6,1754550,12.65,12.75,730800,1050,1050,COALINDIA,370.0,CE,27-FEB-2025
2025-02-03 13:21:11.578966,COALINDIA27FEB25C370,OPTSTK,12.6,1754550,12.6,12.75,730800,1050,2100,COALINDIA,370.0,CE,27-FEB-2025
2025-02-03 13:21:17.965591,COALINDIA27FEB25C370,OPTSTK,12.6,1754550,12.6,12.75,730800,1050,2100,COALINDIA,370.0,CE,27-FEB-2025
2025-02-03 13:21:24.369142,COALINDIA27FEB25C370,OPTSTK,12.6,1754550,12.6,12.75,730800,1050,2100,COALINDIA,370.0,CE,27-FEB-2025
2025-02-03 13:21:30.767186,COALINDIA27FEB25C370,OPTSTK,12.6,1754550,12.6,12.75,730800,1050,2100,COALINDIA,370.0,CE,27-FEB-2025
2025-02-03 13:21:37.194889,COALINDIA27FEB25C370,OPTSTK,12.6,1754550,12.65,12.75,730800,2100,1050,COALINDIA,370.0,CE,27-FEB-2025
2025-02-03 13:21:45.611640,COALINDIA27FEB25C370,OPTSTK,12.6,1754550,12.65,12.75,730800,2100,1050,COALINDIA,370.0,CE,27-FEB-2025
2025-02-03 13:21:53.409303,COALINDIA27FEB25C370,OPTSTK,12.75,1754550,12.65,12.75,730800,2100,1050,COALINDIA,370.0,CE,27-FEB-2025
2025-02-03 13:22:00.596889,COALINDIA27FEB25C370,OPTSTK,12.75,1754550,12.65,12.75,730800,2100,1050,COALINDIA,370.0,CE,27-FEB-2025
2025-02-03 13:22:06.963403,COALINDIA27FEB25C370,OPTSTK,12.75,1755600,12.45,12.6,730800,2100,1050,COALINDIA,370.0,CE,27-FEB-2025
2025-02-03 13:22:13.247029,COALINDIA27FEB25C370,OPTSTK,12.75,1755600,12.45,12.6,730800,2100,1050,COALINDIA,370.0,CE,27-FEB-2025
2025-02-03 13:22:19.515639,COALINDIA27FEB25C370,OPTSTK,12.75,1755600,12.45,12.6,730800,2100,1050,COALINDIA,370.0,CE,27-FEB-2025
2025-02-03 13:22:26.114069,COALINDIA27FEB25C370,OPTSTK,12.75,1755600,12.45,12.6,730800,2100,1050,COALINDIA,370.0,CE,27-FEB-2025
2025-02-03 13:22:34.816071,COALINDIA27FEB25C370,OPTSTK,12.75,1755600,12.45,12.6,730800,2100,1050,COALINDIA,370.0,CE,27-FEB-2025
2025-02-03 13:22:42.011673,COALINDIA27FEB25C370,OPTSTK,12.55,1755600,12.55,12.65,737100,1050,1050,COALINDIA,370.0,CE,27-FEB-2025
2025-02-03 13:22:50.413868,COALINDIA27FEB25C370,OPTSTK,12.55,1755600,12.55,12.65,737100,1050,1050,COALINDIA,370.0,CE,27-FEB-2025
2025-02-03 13:22:58.795152,COALINDIA27FEB25C370,OPTSTK,12.65,1755600,12.55,12.65,737100,1050,1050,COALINDIA,370.0,CE,27-FEB-2025
2025-02-03 13:23:06.166247,COALINDIA27FEB25C370,OPTSTK,12.65,1755600,12.55,12.65,737100,1050,1050,COALINDIA,370.0,CE,27-FEB-2025
2025-02-03 13:23:13.435098,COALINDIA27FEB25C370,OPTSTK,12.65,1757700,12.55,12.7,737100,1050,2100,COALINDIA,370.0,CE,27-FEB-2025
2025-02-03 13:23:19.737294,COALINDIA27FEB25C370,OPTSTK,12.65,1757700,12.55,12.7,737100,1050,2100,COALINDIA,370.0,CE,27-FEB-2025
2025-02-03 13:23:26.037675,COALINDIA27FEB25C370,OPTSTK,12.65,1757700,12.55,12.7,737100,1050,2100,COALINDIA,370.0,CE,27-FEB-2025
2025-02-03 13:23:32.450346,COALINDIA27FEB25C370,OPTSTK,12.65,1757700,12.55,12.7,737100,1050,2100,COALINDIA,370.0,CE,27-FEB-2025
2025-02-03 13:23:38.745201,COALINDIA27FEB25C370,OPTSTK,12.65,1757700,12.55,12.65,737100,1050,1050,COALINDIA,370.0,CE,27-FEB-2025
2025-02-03 13:23:45.011329,COALINDIA27FEB25C370,OPTSTK,12.65,1757700,12.55,12.65,737100,1050,1050,COALINDIA,370.0,CE,27-FEB-2025
2025-02-03 13:23:51.329648,COALINDIA27FEB25C370,OPTSTK,12.65,1757700,12.55,12.65,737100,1050,1050,COALINDIA,370.0,CE,27-FEB-2025
2025-02-03 13:23:57.715341,COALINDIA27FEB25C370,OPTSTK,12.65,1757700,12.55,12.65,737100,1050,1050,COALINDIA,370.0,CE,27-FEB-2025
2025-02-03 13:24:03.991662,COALINDIA27FEB25C370,OPTSTK,12.7,1757700,12.65,12.7,737100,1050,1050,COALINDIA,370.0,CE,27-FEB-2025
2025-02-03 13:24:10.444109,COALINDIA27FEB25C370,OPTSTK,12.7,1757700,12.65,12.7,737100,1050,1050,COALINDIA,370.0,CE,27-FEB-2025
2025-02-03 13:24:16.883577,COALINDIA27FEB25C370,OPTSTK,12.7,1757700,12.65,12.7,737100,1050,1050,COALINDIA,370.0,CE,27-FEB-2025
2025-02-03 13:24:23.272892,COALINDIA27FEB25C370,OPTSTK,12.7,1757700,12.65,12.7,737100,1050,1050,COALINDIA,370.0,CE,27-FEB-2025
2025-02-03 13:24:29.606585,COALINDIA27FEB25C370,OPTSTK,12.7,1758750,12.7,12.85,737100,2100,2100,COALINDIA,370.0,CE,27-FEB-2025
2025-02-03 13:24:36.071258,COALINDIA27FEB25C370,OPTSTK,12.7,1758750,12.7,12.85,737100,2100,2100,COALINDIA,370.0,CE,27-FEB-2025
2025-02-03 13:24:42.465993,COALINDIA27FEB25C370,OPTSTK,12.7,1758750,12.7,12.85,737100,2100,2100,COALINDIA,370.0,CE,27-FEB-2025
2025-02-03 13:24:48.880176,COALINDIA27FEB25C370,OPTSTK,12.7,1758750,12.7,12.85,737100,2100,2100,COALINDIA,370.0,CE,27-FEB-2025
2025-02-03 13:24:55.232481,COALINDIA27FEB25C370,OPTSTK,12.7,1758750,12.7,12.85,737100,2100,2100,COALINDIA,370.0,CE,27-FEB-2025
2025-02-03 13:25:01.620597,COALINDIA27FEB25C370,OPTSTK,12.7,1758750,12.65,12.8,737100,1050,3150,COALINDIA,370.0,CE,27-FEB-2025
2025-02-03 13:25:08.045240,COALINDIA27FEB25C370,OPTSTK,12.75,1758750,12.65,12.8,737100,1050,3150,COALINDIA,370.0,CE,27-FEB-2025
2025-02-03 13:25:14.511115,COALINDIA27FEB25C370,OPTSTK,12.75,1758750,12.65,12.8,737100,1050,3150,COALINDIA,370.0,CE,27-FEB-2025
2025-02-03 13:25:20.936597,COALINDIA27FEB25C370,OPTSTK,12.75,1758750,12.65,12.8,737100,1050,3150,COALINDIA,370.0,CE,27-FEB-2025
2025-02-03 13:25:27.235767,COALINDIA27FEB25C370,OPTSTK,12.75,1759800,12.7,12.85,737100,2100,2100,COALINDIA,370.0,CE,27-FEB-2025
2025-02-03 13:25:33.955168,COALINDIA27FEB25C370,OPTSTK,12.75,1759800,12.7,12.85,737100,2100,2100,COALINDIA,370.0,CE,27-FEB-2025
2025-02-03 13:25:40.226864,COALINDIA27FEB25C370,OPTSTK,12.75,1759800,12.7,12.85,737100,2100,2100,COALINDIA,370.0,CE,27-FEB-2025
2025-02-03 13:25:46.674480,COALINDIA27FEB25C370,OPTSTK,12.75,1759800,12.7,12.85,737100,2100,2100,COALINDIA,370.0,CE,27-FEB-2025
2025-02-03 13:25:53.103587,COALINDIA27FEB25C370,OPTSTK,12.75,1759800,12.6,12.7,737100,1050,2100,COALINDIA,370.0,CE,27-FEB-2025
2025-02-03 13:25:59.481253,COALINDIA27FEB25C370,OPTSTK,12.6,1759800,12.6,12.7,738150,1050,2100,COALINDIA,370.0,CE,27-FEB-2025
2025-02-03 13:26:05.887218,COALINDIA27FEB25C370,OPTSTK,12.6,1759800,12.6,12.7,738150,1050,2100,COALINDIA,370.0,CE,27-FEB-2025
2025-02-03 13:26:12.232531,COALINDIA27FEB25C370,OPTSTK,12.6,1759800,12.6,12.7,738150,1050,2100,COALINDIA,370.0,CE,27-FEB-2025
2025-02-03 13:26:18.602633,COALINDIA27FEB25C370,OPTSTK,12.6,1759800,12.6,12.7,738150,1050,2100,COALINDIA,370.0,CE,27-FEB-2025
2025-02-03 13:26:24.907325,COALINDIA27FEB25C370,OPTSTK,12.5,1761900,12.45,12.6,738150,1050,5250,COALINDIA,370.0,CE,27-FEB-2025
2025-02-03 13:26:31.279470,COALINDIA27FEB25C370,OPTSTK,12.5,1761900,12.45,12.6,738150,1050,5250,COALINDIA,370.0,CE,27-FEB-2025
2025-02-03 13:26:37.643416,COALINDIA27FEB25C370,OPTSTK,12.5,1761900,12.45,12.6,738150,1050,5250,COALINDIA,370.0,CE,27-FEB-2025
2025-02-03 13:26:43.905396,COALINDIA27FEB25C370,OPTSTK,12.5,1761900,12.45,12.6,738150,1050,5250,COALINDIA,370.0,CE,27-FEB-2025
2025-02-03 13:26:50.448558,COALINDIA27FEB25C370,OPTSTK,12.5,1761900,12.45,12.6,738150,1050,2100,COALINDIA,370.0,CE,27-FEB-2025
2025-02-03 13:26:56.759444,COALINDIA27FEB25C370,OPTSTK,12.5,1761900,12.45,12.6,738150,1050,2100,COALINDIA,370.0,CE,27-FEB-2025
2025-02-03 13:27:03.205867,COALINDIA27FEB25C370,OPTSTK,12.5,1761900,12.45,12.6,738150,1050,2100,COALINDIA,370.0,CE,27-FEB-2025
2025-02-03 13:27:09.608901,COALINDIA27FEB25C370,OPTSTK,12.5,1761900,12.45,12.6,738150,1050,2100,COALINDIA,370.0,CE,27-FEB-2025
2025-02-03 13:27:15.992246,COALINDIA27FEB25C370,OPTSTK,12.5,1761900,12.45,12.6,738150,1050,2100,COALINDIA,370.0,CE,27-FEB-2025
2025-02-03 13:27:22.241878,COALINDIA27FEB25C370,OPTSTK,12.5,1761900,12.45,12.6,738150,1050,2100,COALINDIA,370.0,CE,27-FEB-2025
2025-02-03 13:27:28.578825,COALINDIA27FEB25C370,OPTSTK,12.5,1761900,12.45,12.6,738150,1050,2100,COALINDIA,370.0,CE,27-FEB-2025
2025-02-03 13:27:34.895150,COALINDIA27FEB25C370,OPTSTK,12.5,1761900,12.45,12.6,738150,1050,2100,COALINDIA,370.0,CE,27-FEB-2025
2025-02-03 13:27:41.179431,COALINDIA27FEB25C370,OPTSTK,12.5,1761900,12.45,12.6,738150,1050,2100,COALINDIA,370.0,CE,27-FEB-2025
2025-02-03 13:27:47.484989,COALINDIA27FEB25C370,OPTSTK,12.5,1761900,12.45,12.6,738150,1050,2100,COALINDIA,370.0,CE,27-FEB-2025
2025-02-03 13:27:53.827029,COALINDIA27FEB25C370,OPTSTK,12.5,1761900,12.45,12.6,738150,1050,2100,COALINDIA,370.0,CE,27-FEB-2025
2025-02-03 13:28:00.246651,COALINDIA27FEB25C370,OPTSTK,12.5,1761900,12.45,12.6,738150,1050,2100,COALINDIA,370.0,CE,27-FEB-2025
2025-02-03 13:28:06.657008,COALINDIA27FEB25C370,OPTSTK,12.5,1761900,12.45,12.6,738150,1050,2100,COALINDIA,370.0,CE,27-FEB-2025
2025-02-03 13:28:12.926536,COALINDIA27FEB25C370,OPTSTK,12.5,1761900,12.45,12.6,738150,1050,2100,COALINDIA,370.0,CE,27-FEB-2025
2025-02-03 13:28:19.215588,COALINDIA27FEB25C370,OPTSTK,12.5,1761900,12.35,12.5,738150,1050,2100,COALINDIA,370.0,CE,27-FEB-2025
2025-02-03 13:28:25.477776,COALINDIA27FEB25C370,OPTSTK,12.5,1761900,12.35,12.5,738150,1050,2100,COALINDIA,370.0,CE,27-FEB-2025
2025-02-03 13:28:31.959401,COALINDIA27FEB25C370,OPTSTK,12.5,1761900,12.35,12.5,738150,1050,2100,COALINDIA,370.0,CE,27-FEB-2025
2025-02-03 13:28:38.379396,COALINDIA27FEB25C370,OPTSTK,12.25,1761900,12.35,12.5,739200,1050,2100,COALINDIA,370.0,CE,27-FEB-2025
2025-02-03 13:28:44.649387,COALINDIA27FEB25C370,OPTSTK,12.25,1761900,12.35,12.5,739200,1050,2100,COALINDIA,370.0,CE,27-FEB-2025
2025-02-03 13:28:51.137134,COALINDIA27FEB25C370,OPTSTK,12.25,1762950,12.35,12.45,739200,1050,2100,COALINDIA,370.0,CE,27-FEB-2025
2025-02-03 13:28:57.390700,COALINDIA27FEB25C370,OPTSTK,12.25,1762950,12.35,12.45,739200,1050,2100,COALINDIA,370.0,CE,27-FEB-2025
2025-02-03 13:29:03.739733,COALINDIA27FEB25C370,OPTSTK,12.25,1762950,12.35,12.45,739200,1050,2100,COALINDIA,370.0,CE,27-FEB-2025
2025-02-03 13:29:10.166623,COALINDIA27FEB25C370,OPTSTK,12.25,1762950,12.35,12.45,739200,1050,2100,COALINDIA,370.0,CE,27-FEB-2025
2025-02-03 13:29:16.430368,COALINDIA27FEB25C370,OPTSTK,12.25,1762950,12.5,12.65,739200,2100,1050,COALINDIA,370.0,CE,27-FEB-2025
2025-02-03 13:29:22.797471,COALINDIA27FEB25C370,OPTSTK,12.25,1762950,12.5,12.65,739200,2100,1050,COALINDIA,370.0,CE,27-FEB-2025
2025-02-03 13:29:29.132470,COALINDIA27FEB25C370,OPTSTK,12.25,1762950,12.5,12.65,739200,2100,1050,COALINDIA,370.0,CE,27-FEB-2025
2025-02-03 13:29:35.501497,COALINDIA27FEB25C370,OPTSTK,12.25,1762950,12.5,12.65,739200,2100,1050,COALINDIA,370.0,CE,27-FEB-2025
2025-02-03 13:29:42.049420,COALINDIA27FEB25C370,OPTSTK,12.25,1762950,12.5,12.65,739200,2100,1050,COALINDIA,370.0,CE,27-FEB-2025
2025-02-03 13:29:48.405768,COALINDIA27FEB25C370,OPTSTK,12.25,1762950,12.6,12.75,739200,3150,2100,COALINDIA,370.0,CE,27-FEB-2025
2025-02-03 13:29:55.216080,COALINDIA27FEB25C370,OPTSTK,12.25,1762950,12.6,12.75,739200,3150,2100,COALINDIA,370.0,CE,27-FEB-2025
2025-02-03 13:30:01.849137,COALINDIA27FEB25C370,OPTSTK,12.25,1762950,12.6,12.75,739200,3150,2100,COALINDIA,370.0,CE,27-FEB-2025
2025-02-03 13:30:08.522307,COALINDIA27FEB25C370,OPTSTK,12.85,1762950,12.6,12.75,739200,3150,2100,COALINDIA,370.0,CE,27-FEB-2025
2025-02-03 13:30:14.949345,COALINDIA27FEB25C370,OPTSTK,12.85,1764000,12.75,12.9,739200,1050,6300,COALINDIA,370.0,CE,27-FEB-2025
2025-02-03 13:30:21.328275,COALINDIA27FEB25C370,OPTSTK,12.85,1764000,12.75,12.9,739200,1050,6300,COALINDIA,370.0,CE,27-FEB-2025
2025-02-03 13:30:27.677861,COALINDIA27FEB25C370,OPTSTK,12.85,1764000,12.75,12.9,739200,1050,6300,COALINDIA,370.0,CE,27-FEB-2025
2025-02-03 13:30:33.937628,COALINDIA27FEB25C370,OPTSTK,12.85,1764000,12.75,12.9,739200,1050,6300,COALINDIA,370.0,CE,27-FEB-2025
2025-02-03 13:30:40.456545,COALINDIA27FEB25C370,OPTSTK,12.85,1764000,12.75,12.9,739200,1050,6300,COALINDIA,370.0,CE,27-FEB-2025
2025-02-03 13:30:46.744297,COALINDIA27FEB25C370,OPTSTK,12.85,1765050,12.8,12.9,739200,1050,1050,COALINDIA,370.0,CE,27-FEB-2025
2025-02-03 13:30:53.227541,COALINDIA27FEB25C370,OPTSTK,12.85,1765050,12.8,12.9,739200,1050,1050,COALINDIA,370.0,CE,27-FEB-2025
2025-02-03 13:30:59.570261,COALINDIA27FEB25C370,OPTSTK,12.85,1765050,12.8,12.9,739200,1050,1050,COALINDIA,370.0,CE,27-FEB-2025
2025-02-03 13:31:05.938707,COALINDIA27FEB25C370,OPTSTK,12.85,1765050,12.8,12.9,739200,1050,1050,COALINDIA,370.0,CE,27-FEB-2025
2025-02-03 13:31:12.427546,COALINDIA27FEB25C370,OPTSTK,12.85,1765050,12.7,12.85,739200,1050,4200,COALINDIA,370.0,CE,27-FEB-2025
2025-02-03 13:31:18.754869,COALINDIA27FEB25C370,OPTSTK,12.85,1765050,12.7,12.85,739200,1050,4200,COALINDIA,370.0,CE,27-FEB-2025
2025-02-03 13:31:25.398575,COALINDIA27FEB25C370,OPTSTK,12.85,1765050,12.7,12.85,739200,1050,4200,COALINDIA,370.0,CE,27-FEB-2025
2025-02-03 13:31:31.850946,COALINDIA27FEB25C370,OPTSTK,12.85,1765050,12.7,12.85,739200,1050,4200,COALINDIA,370.0,CE,27-FEB-2025
2025-02-03 13:31:38.170677,COALINDIA27FEB25C370,OPTSTK,12.85,1765050,12.7,12.85,739200,1050,4200,COALINDIA,370.0,CE,27-FEB-2025
2025-02-03 13:31:44.533036,COALINDIA27FEB25C370,OPTSTK,12.85,1765050,12.65,12.8,739200,1050,3150,COALINDIA,370.0,CE,27-FEB-2025
2025-02-03 13:31:50.661512,COALINDIA27FEB25C370,OPTSTK,12.85,1765050,12.65,12.8,739200,1050,3150,COALINDIA,370.0,CE,27-FEB-2025
2025-02-03 13:31:56.975323,COALINDIA27FEB25C370,OPTSTK,12.85,1765050,12.65,12.8,739200,1050,3150,COALINDIA,370.0,CE,27-FEB-2025
2025-02-03 13:32:03.433601,COALINDIA27FEB25C370,OPTSTK,12.85,1765050,12.65,12.8,739200,1050,3150,COALINDIA,370.0,CE,27-FEB-2025
2025-02-03 13:32:09.815768,COALINDIA27FEB25C370,OPTSTK,12.85,1765050,12.65,12.8,739200,1050,2100,COALINDIA,370.0,CE,27-FEB-2025
2025-02-03 13:32:16.195632,COALINDIA27FEB25C370,OPTSTK,12.85,1765050,12.65,12.8,739200,1050,2100,COALINDIA,370.0,CE,27-FEB-2025
2025-02-03 13:32:22.525494,COALINDIA27FEB25C370,OPTSTK,12.85,1765050,12.65,12.8,739200,1050,2100,COALINDIA,370.0,CE,27-FEB-2025
2025-02-03 13:32:28.802589,COALINDIA27FEB25C370,OPTSTK,12.85,1765050,12.65,12.8,739200,1050,2100,COALINDIA,370.0,CE,27-FEB-2025
2025-02-03 13:32:35.031458,COALINDIA27FEB25C370,OPTSTK,12.85,1765050,12.65,12.8,739200,1050,2100,COALINDIA,370.0,CE,27-FEB-2025
2025-02-03 13:32:41.362662,COALINDIA27FEB25C370,OPTSTK,12.85,1765050,12.65,12.8,739200,1050,1050,COALINDIA,370.0,CE,27-FEB-2025
2025-02-03 13:32:47.735677,COALINDIA27FEB25C370,OPTSTK,12.65,1765050,12.65,12.8,738150,1050,1050,COALINDIA,370.0,CE,27-FEB-2025
2025-02-03 13:32:54.066884,COALINDIA27FEB25C370,OPTSTK,12.65,1765050,12.65,12.8,738150,1050,1050,COALINDIA,370.0,CE,27-FEB-2025
2025-02-03 13:33:00.476345,COALINDIA27FEB25C370,OPTSTK,12.65,1765050,12.65,12.8,738150,1050,1050,COALINDIA,370.0,CE,27-FEB-2025
2025-02-03 13:33:06.737518,COALINDIA27FEB25C370,OPTSTK,12.65,1766100,12.6,12.75,738150,2100,1050,COALINDIA,370.0,CE,27-FEB-2025
2025-02-03 13:33:13.098293,COALINDIA27FEB25C370,OPTSTK,12.65,1766100,12.6,12.75,738150,2100,1050,COALINDIA,370.0,CE,27-FEB-2025
2025-02-03 13:33:19.280985,COALINDIA27FEB25C370,OPTSTK,12.65,1766100,12.6,12.75,738150,2100,1050,COALINDIA,370.0,CE,27-FEB-2025
2025-02-03 13:33:25.696656,COALINDIA27FEB25C370,OPTSTK,12.65,1766100,12.6,12.75,738150,2100,1050,COALINDIA,370.0,CE,27-FEB-2025
2025-02-03 13:33:32.027087,COALINDIA27FEB25C370,OPTSTK,12.65,1766100,12.6,12.75,738150,2100,1050,COALINDIA,370.0,CE,27-FEB-2025
2025-02-03 13:33:38.447995,COALINDIA27FEB25C370,OPTSTK,12.65,1767150,12.6,12.75,738150,3150,1050,COALINDIA,370.0,CE,27-FEB-2025
2025-02-03 13:33:44.699612,COALINDIA27FEB25C370,OPTSTK,12.65,1767150,12.6,12.75,738150,3150,1050,COALINDIA,370.0,CE,27-FEB-2025
2025-02-03 13:33:51.137495,COALINDIA27FEB25C370,OPTSTK,12.65,1767150,12.6,12.75,738150,3150,1050,COALINDIA,370.0,CE,27-FEB-2025
2025-02-03 13:33:57.577585,COALINDIA27FEB25C370,OPTSTK,12.65,1767150,12.6,12.75,738150,3150,1050,COALINDIA,370.0,CE,27-FEB-2025
2025-02-03 13:34:03.879203,COALINDIA27FEB25C370,OPTSTK,12.65,1767150,12.75,12.9,738150,1050,3150,COALINDIA,370.0,CE,27-FEB-2025
2025-02-03 13:34:10.400728,COALINDIA27FEB25C370,OPTSTK,12.65,1767150,12.75,12.9,738150,1050,3150,COALINDIA,370.0,CE,27-FEB-2025
2025-02-03 13:34:17.179686,COALINDIA27FEB25C370,OPTSTK,12.65,1767150,12.75,12.9,738150,1050,3150,COALINDIA,370.0,CE,27-FEB-2025
2025-02-03 13:34:23.565431,COALINDIA27FEB25C370,OPTSTK,12.65,1767150,12.75,12.9,738150,1050,3150,COALINDIA,370.0,CE,27-FEB-2025
2025-02-03 13:34:30.026211,COALINDIA27FEB25C370,OPTSTK,12.65,1767150,12.75,12.9,738150,1050,3150,COALINDIA,370.0,CE,27-FEB-2025
2025-02-03 13:34:36.769623,COALINDIA27FEB25C370,OPTSTK,12.65,1767150,12.75,12.9,738150,2100,2100,COALINDIA,370.0,CE,27-FEB-2025
2025-02-03 13:34:43.329271,COALINDIA27FEB25C370,OPTSTK,12.65,1767150,12.75,12.9,738150,2100,2100,COALINDIA,370.0,CE,27-FEB-2025
2025-02-03 13:34:49.622739,COALINDIA27FEB25C370,OPTSTK,12.65,1767150,12.75,12.9,738150,2100,2100,COALINDIA,370.0,CE,27-FEB-2025
2025-02-03 13:34:56.069824,COALINDIA27FEB25C370,OPTSTK,12.95,1767150,12.75,12.9,736050,2100,2100,COALINDIA,370.0,CE,27-FEB-2025
2025-02-03 13:35:02.538746,COALINDIA27FEB25C370,OPTSTK,12.95,1768200,12.85,13.0,736050,1050,4200,COALINDIA,370.0,CE,27-FEB-2025
2025-02-03 13:35:08.860746,COALINDIA27FEB25C370,OPTSTK,13.0,1768200,12.85,13.0,736050,1050,4200,COALINDIA,370.0,CE,27-FEB-2025
2025-02-03 13:35:15.247464,COALINDIA27FEB25C370,OPTSTK,13.0,1768200,12.85,13.0,736050,1050,4200,COALINDIA,370.0,CE,27-FEB-2025
2025-02-03 13:35:21.700431,COALINDIA27FEB25C370,OPTSTK,13.0,1768200,12.85,13.0,736050,1050,4200,COALINDIA,370.0,CE,27-FEB-2025
2025-02-03 13:35:28.051769,COALINDIA27FEB25C370,OPTSTK,13.0,1770300,12.9,13.0,736050,2100,2100,COALINDIA,370.0,CE,27-FEB-2025
2025-02-03 13:35:34.355864,COALINDIA27FEB25C370,OPTSTK,13.0,1770300,12.9,13.0,736050,2100,2100,COALINDIA,370.0,CE,27-FEB-2025
2025-02-03 13:35:40.632978,COALINDIA27FEB25C370,OPTSTK,13.0,1770300,12.9,13.0,736050,2100,2100,COALINDIA,370.0,CE,27-FEB-2025
2025-02-03 13:35:47.053947,COALINDIA27FEB25C370,OPTSTK,13.0,1770300,12.9,13.0,736050,2100,2100,COALINDIA,370.0,CE,27-FEB-2025
2025-02-03 13:35:53.409147,COALINDIA27FEB25C370,OPTSTK,13.0,1770300,12.9,13.0,736050,2100,2100,COALINDIA,370.0,CE,27-FEB-2025
2025-02-03 13:35:59.713466,COALINDIA27FEB25C370,OPTSTK,13.0,1772400,13.0,13.1,736050,2100,2100,COALINDIA,370.0,CE,27-FEB-2025
2025-02-03 13:36:06.069166,COALINDIA27FEB25C370,OPTSTK,13.0,1772400,13.0,13.1,736050,2100,2100,COALINDIA,370.0,CE,27-FEB-2025
2025-02-03 13:36:12.482074,COALINDIA27FEB25C370,OPTSTK,13.0,1772400,13.0,13.1,736050,2100,2100,COALINDIA,370.0,CE,27-FEB-2025
2025-02-03 13:36:18.926472,COALINDIA27FEB25C370,OPTSTK,13.0,1772400,13.0,13.1,736050,2100,2100,COALINDIA,370.0,CE,27-FEB-2025
2025-02-03 13:36:25.244098,COALINDIA27FEB25C370,OPTSTK,13.0,1772400,13.0,13.1,736050,2100,2100,COALINDIA,370.0,CE,27-FEB-2025
2025-02-03 13:36:31.641257,COALINDIA27FEB25C370,OPTSTK,13.0,1772400,12.95,13.1,736050,3150,3150,COALINDIA,370.0,CE,27-FEB-2025
2025-02-03 13:36:37.993028,COALINDIA27FEB25C370,OPTSTK,13.0,1772400,12.95,13.1,736050,3150,3150,COALINDIA,370.0,CE,27-FEB-2025
2025-02-03 13:36:44.299454,COALINDIA27FEB25C370,OPTSTK,13.0,1772400,12.95,13.1,736050,3150,3150,COALINDIA,370.0,CE,27-FEB-2025
2025-02-03 13:36:50.650866,COALINDIA27FEB25C370,OPTSTK,13.0,1772400,12.95,13.1,736050,3150,3150,COALINDIA,370.0,CE,27-FEB-2025
2025-02-03 13:36:56.869086,COALINDIA27FEB25C370,OPTSTK,13.0,1773450,12.9,13.05,736050,1050,1050,COALINDIA,370.0,CE,27-FEB-2025
2025-02-03 13:37:03.290320,COALINDIA27FEB25C370,OPTSTK,13.0,1773450,12.9,13.05,736050,1050,1050,COALINDIA,370.0,CE,27-FEB-2025
2025-02-03 13:37:09.572748,COALINDIA27FEB25C370,OPTSTK,13.0,1773450,12.9,13.05,736050,1050,1050,COALINDIA,370.0,CE,27-FEB-2025
2025-02-03 13:37:15.849105,COALINDIA27FEB25C370,OPTSTK,13.0,1773450,12.9,13.05,736050,1050,1050,COALINDIA,370.0,CE,27-FEB-2025
2025-02-03 13:37:22.269099,COALINDIA27FEB25C370,OPTSTK,13.0,1773450,12.8,12.95,736050,3150,2100,COALINDIA,370.0,CE,27-FEB-2025
2025-02-03 13:37:28.508410,COALINDIA27FEB25C370,OPTSTK,13.0,1773450,12.8,12.95,736050,3150,2100,COALINDIA,370.0,CE,27-FEB-2025
2025-02-03 13:37:34.739856,COALINDIA27FEB25C370,OPTSTK,13.0,1773450,12.8,12.95,736050,3150,2100,COALINDIA,370.0,CE,27-FEB-2025
2025-02-03 13:37:41.022193,COALINDIA27FEB25C370,OPTSTK,13.0,1773450,12.8,12.95,736050,3150,2100,COALINDIA,370.0,CE,27-FEB-2025
2025-02-03 13:37:47.293923,COALINDIA27FEB25C370,OPTSTK,13.0,1773450,12.8,12.95,736050,3150,2100,COALINDIA,370.0,CE,27-FEB-2025
2025-02-03 13:37:53.702605,COALINDIA27FEB25C370,OPTSTK,13.0,1773450,12.75,12.85,736050,1050,1050,COALINDIA,370.0,CE,27-FEB-2025
2025-02-03 13:38:00.082619,COALINDIA27FEB25C370,OPTSTK,13.0,1773450,12.75,12.85,736050,1050,1050,COALINDIA,370.0,CE,27-FEB-2025
2025-02-03 13:38:06.423651,COALINDIA27FEB25C370,OPTSTK,13.0,1773450,12.75,12.85,736050,1050,1050,COALINDIA,370.0,CE,27-FEB-2025
2025-02-03 13:38:12.871353,COALINDIA27FEB25C370,OPTSTK,13.0,1773450,12.75,12.85,736050,1050,1050,COALINDIA,370.0,CE,27-FEB-2025
2025-02-03 13:38:19.139078,COALINDIA27FEB25C370,OPTSTK,13.0,1773450,12.75,12.9,736050,1050,1050,COALINDIA,370.0,CE,27-FEB-2025
2025-02-03 13:38:25.385056,COALINDIA27FEB25C370,OPTSTK,13.0,1773450,12.75,12.9,736050,1050,1050,COALINDIA,370.0,CE,27-FEB-2025
2025-02-03 13:38:31.869549,COALINDIA27FEB25C370,OPTSTK,13.0,1773450,12.75,12.9,736050,1050,1050,COALINDIA,370.0,CE,27-FEB-2025
2025-02-03 13:38:38.246110,COALINDIA27FEB25C370,OPTSTK,13.0,1773450,12.75,12.9,736050,1050,1050,COALINDIA,370.0,CE,27-FEB-2025
2025-02-03 13:38:44.616826,COALINDIA27FEB25C370,OPTSTK,13.0,1773450,12.75,12.9,736050,1050,1050,COALINDIA,370.0,CE,27-FEB-2025
2025-02-03 13:38:50.965497,COALINDIA27FEB25C370,OPTSTK,13.0,1773450,12.7,12.85,736050,1050,3150,COALINDIA,370.0,CE,27-FEB-2025
2025-02-03 13:38:57.374829,COALINDIA27FEB25C370,OPTSTK,13.0,1773450,12.7,12.85,736050,1050,3150,COALINDIA,370.0,CE,27-FEB-2025
2025-02-03 13:39:03.749054,COALINDIA27FEB25C370,OPTSTK,13.0,1773450,12.7,12.85,736050,1050,3150,COALINDIA,370.0,CE,27-FEB-2025
2025-02-03 13:39:10.287048,COALINDIA27FEB25C370,OPTSTK,13.0,1773450,12.7,12.85,736050,1050,3150,COALINDIA,370.0,CE,27-FEB-2025
2025-02-03 13:39:16.663125,COALINDIA27FEB25C370,OPTSTK,13.0,1773450,12.7,12.8,736050,1050,1050,COALINDIA,370.0,CE,27-FEB-2025
2025-02-03 13:39:23.190593,COALINDIA27FEB25C370,OPTSTK,13.0,1773450,12.7,12.8,736050,1050,1050,COALINDIA,370.0,CE,27-FEB-2025
2025-02-03 13:39:29.579070,COALINDIA27FEB25C370,OPTSTK,13.0,1773450,12.7,12.8,736050,1050,1050,COALINDIA,370.0,CE,27-FEB-2025
2025-02-03 13:39:35.742607,COALINDIA27FEB25C370,OPTSTK,13.0,1773450,12.7,12.8,736050,1050,1050,COALINDIA,370.0,CE,27-FEB-2025
2025-02-03 13:39:41.914067,COALINDIA27FEB25C370,OPTSTK,12.85,1773450,12.75,12.85,735000,2100,1050,COALINDIA,370.0,CE,27-FEB-2025
2025-02-03 13:39:48.261605,COALINDIA27FEB25C370,OPTSTK,12.85,1773450,12.75,12.85,735000,2100,1050,COALINDIA,370.0,CE,27-FEB-2025
2025-02-03 13:39:54.583904,COALINDIA27FEB25C370,OPTSTK,12.85,1773450,12.75,12.85,735000,2100,1050,COALINDIA,370.0,CE,27-FEB-2025
2025-02-03 13:40:00.908780,COALINDIA27FEB25C370,OPTSTK,12.85,1773450,12.75,12.85,735000,2100,1050,COALINDIA,370.0,CE,27-FEB-2025
2025-02-03 13:40:07.244180,COALINDIA27FEB25C370,OPTSTK,12.85,1773450,12.75,12.85,735000,2100,1050,COALINDIA,370.0,CE,27-FEB-2025
2025-02-03 13:40:13.620991,COALINDIA27FEB25C370,OPTSTK,12.85,1774500,12.9,13.0,735000,2100,1050,COALINDIA,370.0,CE,27-FEB-2025
2025-02-03 13:40:22.978843,COALINDIA27FEB25C370,OPTSTK,12.85,1774500,12.9,13.0,735000,2100,1050,COALINDIA,370.0,CE,27-FEB-2025
2025-02-03 13:40:30.999431,COALINDIA27FEB25C370,OPTSTK,12.85,1774500,12.9,13.0,735000,2100,1050,COALINDIA,370.0,CE,27-FEB-2025
2025-02-03 13:40:37.608657,COALINDIA27FEB25C370,OPTSTK,12.85,1774500,12.9,13.0,735000,2100,1050,COALINDIA,370.0,CE,27-FEB-2025
2025-02-03 13:40:44.003231,COALINDIA27FEB25C370,OPTSTK,12.85,1775550,12.8,12.95,735000,1050,1050,COALINDIA,370.0,CE,27-FEB-2025
2025-02-03 13:40:50.527353,COALINDIA27FEB25C370,OPTSTK,12.95,1775550,12.8,12.95,735000,1050,1050,COALINDIA,370.0,CE,27-FEB-2025
2025-02-03 13:40:56.827175,COALINDIA27FEB25C370,OPTSTK,12.95,1775550,12.8,12.95,735000,1050,1050,COALINDIA,370.0,CE,27-FEB-2025
2025-02-03 13:41:03.280140,COALINDIA27FEB25C370,OPTSTK,12.95,1775550,12.8,12.95,735000,1050,1050,COALINDIA,370.0,CE,27-FEB-2025
2025-02-03 13:41:09.791663,COALINDIA27FEB25C370,OPTSTK,12.95,1776600,12.9,13.0,735000,1050,1050,COALINDIA,370.0,CE,27-FEB-2025
2025-02-03 13:41:16.361517,COALINDIA27FEB25C370,OPTSTK,12.95,1776600,12.9,13.0,735000,1050,1050,COALINDIA,370.0,CE,27-FEB-2025
2025-02-03 13:41:22.728350,COALINDIA27FEB25C370,OPTSTK,12.95,1776600,12.9,13.0,735000,1050,1050,COALINDIA,370.0,CE,27-FEB-2025
2025-02-03 13:41:29.129600,COALINDIA27FEB25C370,OPTSTK,13.0,1776600,12.9,13.0,735000,1050,1050,COALINDIA,370.0,CE,27-FEB-2025
2025-02-03 13:41:35.774764,COALINDIA27FEB25C370,OPTSTK,13.05,1778700,13.0,13.1,735000,2100,2100,COALINDIA,370.0,CE,27-FEB-2025
2025-02-03 13:41:42.260726,COALINDIA27FEB25C370,OPTSTK,13.05,1778700,13.0,13.1,735000,2100,2100,COALINDIA,370.0,CE,27-FEB-2025
2025-02-03 13:41:48.694064,COALINDIA27FEB25C370,OPTSTK,13.1,1778700,13.0,13.1,735000,2100,2100,COALINDIA,370.0,CE,27-FEB-2025
2025-02-03 13:41:55.134784,COALINDIA27FEB25C370,OPTSTK,13.1,1778700,13.0,13.1,735000,2100,2100,COALINDIA,370.0,CE,27-FEB-2025
2025-02-03 13:42:01.706268,COALINDIA27FEB25C370,OPTSTK,13.2,1778700,13.0,13.1,735000,2100,2100,COALINDIA,370.0,CE,27-FEB-2025
2025-02-03 13:42:08.135313,COALINDIA27FEB25C370,OPTSTK,13.2,1781850,13.15,13.25,735000,1050,1050,COALINDIA,370.0,CE,27-FEB-2025
2025-02-03 13:42:14.631053,COALINDIA27FEB25C370,OPTSTK,13.2,1781850,13.15,13.25,735000,1050,1050,COALINDIA,370.0,CE,27-FEB-2025
2025-02-03 13:42:20.950351,COALINDIA27FEB25C370,OPTSTK,13.15,1781850,13.15,13.25,735000,1050,1050,COALINDIA,370.0,CE,27-FEB-2025
2025-02-03 13:42:27.527588,COALINDIA27FEB25C370,OPTSTK,13.15,1781850,13.15,13.25,735000,1050,1050,COALINDIA,370.0,CE,27-FEB-2025
2025-02-03 13:42:34.313046,COALINDIA27FEB25C370,OPTSTK,13.15,1792350,13.0,13.15,735000,3150,1050,COALINDIA,370.0,CE,27-FEB-2025
2025-02-03 13:42:40.849557,COALINDIA27FEB25C370,OPTSTK,13.15,1792350,13.0,13.15,735000,3150,1050,COALINDIA,370.0,CE,27-FEB-2025
2025-02-03 13:42:47.516875,COALINDIA27FEB25C370,OPTSTK,13.15,1792350,13.0,13.15,735000,3150,1050,COALINDIA,370.0,CE,27-FEB-2025
2025-02-03 13:42:53.957091,COALINDIA27FEB25C370,OPTSTK,13.15,1792350,13.0,13.15,735000,3150,1050,COALINDIA,370.0,CE,27-FEB-2025
2025-02-03 13:43:00.371546,COALINDIA27FEB25C370,OPTSTK,13.15,1792350,13.05,13.2,735000,2100,8400,COALINDIA,370.0,CE,27-FEB-2025
2025-02-03 13:43:06.802858,COALINDIA27FEB25C370,OPTSTK,13.15,1792350,13.05,13.2,735000,2100,8400,COALINDIA,370.0,CE,27-FEB-2025
2025-02-03 13:43:13.141390,COALINDIA27FEB25C370,OPTSTK,13.15,1792350,13.05,13.2,735000,2100,8400,COALINDIA,370.0,CE,27-FEB-2025
2025-02-03 13:43:19.738011,COALINDIA27FEB25C370,OPTSTK,13.15,1792350,13.05,13.2,735000,2100,8400,COALINDIA,370.0,CE,27-FEB-2025
2025-02-03 13:43:26.112298,COALINDIA27FEB25C370,OPTSTK,13.15,1792350,13.05,13.2,735000,2100,8400,COALINDIA,370.0,CE,27-FEB-2025
2025-02-03 13:43:32.570289,COALINDIA27FEB25C370,OPTSTK,13.15,1793400,13.05,13.15,735000,2100,5250,COALINDIA,370.0,CE,27-FEB-2025
2025-02-03 13:43:39.042248,COALINDIA27FEB25C370,OPTSTK,13.15,1793400,13.05,13.15,735000,2100,5250,COALINDIA,370.0,CE,27-FEB-2025
2025-02-03 13:43:45.673878,COALINDIA27FEB25C370,OPTSTK,13.15,1793400,13.05,13.15,735000,2100,5250,COALINDIA,370.0,CE,27-FEB-2025
2025-02-03 13:43:52.046364,COALINDIA27FEB25C370,OPTSTK,13.15,1793400,13.05,13.15,735000,2100,5250,COALINDIA,370.0,CE,27-FEB-2025
2025-02-03 13:43:58.664684,COALINDIA27FEB25C370,OPTSTK,13.05,1794450,13.0,13.1,725550,1050,1050,COALINDIA,370.0,CE,27-FEB-2025
2025-02-03 13:44:05.106813,COALINDIA27FEB25C370,OPTSTK,13.0,1794450,13.0,13.1,725550,1050,1050,COALINDIA,370.0,CE,27-FEB-2025
2025-02-03 13:44:11.514649,COALINDIA27FEB25C370,OPTSTK,13.0,1794450,13.0,13.1,725550,1050,1050,COALINDIA,370.0,CE,27-FEB-2025
2025-02-03 13:44:17.858176,COALINDIA27FEB25C370,OPTSTK,13.0,1794450,13.0,13.1,725550,1050,1050,COALINDIA,370.0,CE,27-FEB-2025
2025-02-03 13:44:24.216071,COALINDIA27FEB25C370,OPTSTK,13.0,1796550,12.95,13.15,725550,2100,6300,COALINDIA,370.0,CE,27-FEB-2025
2025-02-03 13:44:30.590624,COALINDIA27FEB25C370,OPTSTK,13.0,1796550,12.95,13.15,725550,2100,6300,COALINDIA,370.0,CE,27-FEB-2025
2025-02-03 13:44:37.003797,COALINDIA27FEB25C370,OPTSTK,13.0,1796550,12.95,13.15,725550,2100,6300,COALINDIA,370.0,CE,27-FEB-2025
2025-02-03 13:44:43.690580,COALINDIA27FEB25C370,OPTSTK,13.1,1796550,12.95,13.15,725550,2100,6300,COALINDIA,370.0,CE,27-FEB-2025
2025-02-03 13:44:50.570522,COALINDIA27FEB25C370,OPTSTK,13.1,1807050,12.95,13.1,725550,2100,2100,COALINDIA,370.0,CE,27-FEB-2025
2025-02-03 13:44:56.863615,COALINDIA27FEB25C370,OPTSTK,13.1,1807050,12.95,13.1,725550,2100,2100,COALINDIA,370.0,CE,27-FEB-2025
2025-02-03 13:45:03.512921,COALINDIA27FEB25C370,OPTSTK,13.1,1807050,12.95,13.1,725550,2100,2100,COALINDIA,370.0,CE,27-FEB-2025
2025-02-03 13:45:09.969216,COALINDIA27FEB25C370,OPTSTK,13.1,1807050,12.95,13.1,725550,2100,2100,COALINDIA,370.0,CE,27-FEB-2025
2025-02-03 13:45:17.931817,COALINDIA27FEB25C370,OPTSTK,13.1,1807050,12.95,13.1,725550,2100,2100,COALINDIA,370.0,CE,27-FEB-2025
2025-02-03 13:45:24.236705,COALINDIA27FEB25C370,OPTSTK,13.1,1808100,13.05,13.2,725550,2100,1050,COALINDIA,370.0,CE,27-FEB-2025
2025-02-03 13:45:30.698340,COALINDIA27FEB25C370,OPTSTK,13.1,1808100,13.05,13.2,725550,2100,1050,COALINDIA,370.0,CE,27-FEB-2025
2025-02-03 13:45:37.168483,COALINDIA27FEB25C370,OPTSTK,13.1,1808100,13.05,13.2,725550,2100,1050,COALINDIA,370.0,CE,27-FEB-2025
2025-02-03 13:45:43.574498,COALINDIA27FEB25C370,OPTSTK,13.1,1808100,13.05,13.2,725550,2100,1050,COALINDIA,370.0,CE,27-FEB-2025
2025-02-03 13:45:50.171044,COALINDIA27FEB25C370,OPTSTK,13.1,1808100,13.05,13.15,725550,2100,1050,COALINDIA,370.0,CE,27-FEB-2025
2025-02-03 13:45:58.158653,COALINDIA27FEB25C370,OPTSTK,13.15,1808100,13.05,13.15,725550,2100,1050,COALINDIA,370.0,CE,27-FEB-2025
2025-02-03 13:46:04.803411,COALINDIA27FEB25C370,OPTSTK,13.15,1808100,13.05,13.15,725550,2100,1050,COALINDIA,370.0,CE,27-FEB-2025
2025-02-03 13:46:11.517452,COALINDIA27FEB25C370,OPTSTK,13.15,1808100,13.05,13.15,725550,2100,1050,COALINDIA,370.0,CE,27-FEB-2025
2025-02-03 13:46:18.200862,COALINDIA27FEB25C370,OPTSTK,13.15,1809150,12.9,13.05,725550,1050,4200,COALINDIA,370.0,CE,27-FEB-2025
2025-02-03 13:46:26.032605,COALINDIA27FEB25C370,OPTSTK,13.15,1809150,12.9,13.05,725550,1050,4200,COALINDIA,370.0,CE,27-FEB-2025
2025-02-03 13:46:32.542317,COALINDIA27FEB25C370,OPTSTK,13.0,1809150,12.9,13.05,717150,1050,4200,COALINDIA,370.0,CE,27-FEB-2025
2025-02-03 13:46:39.482012,COALINDIA27FEB25C370,OPTSTK,13.0,1809150,12.9,13.05,717150,1050,4200,COALINDIA,370.0,CE,27-FEB-2025
2025-02-03 13:46:46.318643,COALINDIA27FEB25C370,OPTSTK,13.0,1810200,12.95,13.1,717150,1050,3150,COALINDIA,370.0,CE,27-FEB-2025
2025-02-03 13:46:53.249638,COALINDIA27FEB25C370,OPTSTK,13.0,1810200,12.95,13.1,717150,1050,3150,COALINDIA,370.0,CE,27-FEB-2025
2025-02-03 13:46:59.964463,COALINDIA27FEB25C370,OPTSTK,13.0,1810200,12.95,13.1,717150,1050,3150,COALINDIA,370.0,CE,27-FEB-2025
2025-02-03 13:47:06.688596,COALINDIA27FEB25C370,OPTSTK,13.0,1810200,12.95,13.1,717150,1050,3150,COALINDIA,370.0,CE,27-FEB-2025
2025-02-03 13:47:14.768233,COALINDIA27FEB25C370,OPTSTK,13.0,1811250,12.95,13.1,717150,2100,3150,COALINDIA,370.0,CE,27-FEB-2025
2025-02-03 13:47:21.306336,COALINDIA27FEB25C370,OPTSTK,13.0,1811250,12.95,13.1,717150,2100,3150,COALINDIA,370.0,CE,27-FEB-2025
2025-02-03 13:47:27.812968,COALINDIA27FEB25C370,OPTSTK,13.1,1811250,12.95,13.1,717150,2100,3150,COALINDIA,370.0,CE,27-FEB-2025
2025-02-03 13:47:34.259052,COALINDIA27FEB25C370,OPTSTK,13.1,1811250,12.95,13.1,717150,2100,3150,COALINDIA,370.0,CE,27-FEB-2025
2025-02-03 13:47:40.977297,COALINDIA27FEB25C370,OPTSTK,13.1,1811250,12.95,13.1,717150,2100,3150,COALINDIA,370.0,CE,27-FEB-2025
2025-02-03 13:47:47.443259,COALINDIA27FEB25C370,OPTSTK,13.1,1812300,13.05,13.2,717150,2100,2100,COALINDIA,370.0,CE,27-FEB-2025
2025-02-03 13:47:53.879440,COALINDIA27FEB25C370,OPTSTK,13.1,1812300,13.05,13.2,717150,2100,2100,COALINDIA,370.0,CE,27-FEB-2025
2025-02-03 13:48:00.442756,COALINDIA27FEB25C370,OPTSTK,13.1,1812300,13.05,13.2,717150,2100,2100,COALINDIA,370.0,CE,27-FEB-2025
2025-02-03 13:48:07.953000,COALINDIA27FEB25C370,OPTSTK,13.1,1812300,13.05,13.2,717150,2100,2100,COALINDIA,370.0,CE,27-FEB-2025
2025-02-03 13:48:14.714984,COALINDIA27FEB25C370,OPTSTK,13.1,1812300,13.05,13.2,717150,3150,1050,COALINDIA,370.0,CE,27-FEB-2025
2025-02-03 13:48:21.162985,COALINDIA27FEB25C370,OPTSTK,13.1,1812300,13.05,13.2,717150,3150,1050,COALINDIA,370.0,CE,27-FEB-2025
2025-02-03 13:48:27.753542,COALINDIA27FEB25C370,OPTSTK,13.1,1812300,13.05,13.2,717150,3150,1050,COALINDIA,370.0,CE,27-FEB-2025
2025-02-03 13:48:34.187952,COALINDIA27FEB25C370,OPTSTK,13.1,1812300,13.05,13.2,717150,3150,1050,COALINDIA,370.0,CE,27-FEB-2025
2025-02-03 13:48:40.583121,COALINDIA27FEB25C370,OPTSTK,13.1,1812300,13.05,13.15,717150,1050,2100,COALINDIA,370.0,CE,27-FEB-2025
2025-02-03 13:48:46.905128,COALINDIA27FEB25C370,OPTSTK,13.05,1812300,13.05,13.15,717150,1050,2100,COALINDIA,370.0,CE,27-FEB-2025
2025-02-03 13:48:53.263084,COALINDIA27FEB25C370,OPTSTK,13.05,1812300,13.05,13.15,717150,1050,2100,COALINDIA,370.0,CE,27-FEB-2025
2025-02-03 13:49:00.066771,COALINDIA27FEB25C370,OPTSTK,13.05,1812300,13.05,13.15,717150,1050,2100,COALINDIA,370.0,CE,27-FEB-2025
2025-02-03 13:49:06.631628,COALINDIA27FEB25C370,OPTSTK,13.05,1813350,12.9,13.05,717150,4200,1050,COALINDIA,370.0,CE,27-FEB-2025
2025-02-03 13:49:13.132532,COALINDIA27FEB25C370,OPTSTK,13.05,1813350,12.9,13.05,717150,4200,1050,COALINDIA,370.0,CE,27-FEB-2025
2025-02-03 13:49:19.680965,COALINDIA27FEB25C370,OPTSTK,12.9,1813350,12.9,13.05,717150,4200,1050,COALINDIA,370.0,CE,27-FEB-2025
2025-02-03 13:49:26.096485,COALINDIA27FEB25C370,OPTSTK,12.9,1813350,12.9,13.05,717150,4200,1050,COALINDIA,370.0,CE,27-FEB-2025
2025-02-03 13:49:32.613917,COALINDIA27FEB25C370,OPTSTK,12.9,1813350,12.9,13.05,717150,4200,1050,COALINDIA,370.0,CE,27-FEB-2025
2025-02-03 13:49:38.938541,COALINDIA27FEB25C370,OPTSTK,12.9,1814400,12.95,13.05,717150,1050,1050,COALINDIA,370.0,CE,27-FEB-2025
2025-02-03 13:49:45.467946,COALINDIA27FEB25C370,OPTSTK,12.9,1814400,12.95,13.05,717150,1050,1050,COALINDIA,370.0,CE,27-FEB-2025
2025-02-03 13:49:52.105453,COALINDIA27FEB25C370,OPTSTK,12.9,1814400,12.95,13.05,717150,1050,1050,COALINDIA,370.0,CE,27-FEB-2025
2025-02-03 13:49:58.793089,COALINDIA27FEB25C370,OPTSTK,12.9,1814400,12.95,13.05,717150,1050,1050,COALINDIA,370.0,CE,27-FEB-2025
2025-02-03 13:50:06.008356,COALINDIA27FEB25C370,OPTSTK,12.9,1814400,12.85,13.0,717150,1050,1050,COALINDIA,370.0,CE,27-FEB-2025
2025-02-03 13:50:12.716542,COALINDIA27FEB25C370,OPTSTK,12.9,1814400,12.85,13.0,717150,1050,1050,COALINDIA,370.0,CE,27-FEB-2025
2025-02-03 13:50:19.313889,COALINDIA27FEB25C370,OPTSTK,12.9,1814400,12.85,13.0,717150,1050,1050,COALINDIA,370.0,CE,27-FEB-2025
2025-02-03 13:50:25.840513,COALINDIA27FEB25C370,OPTSTK,12.9,1814400,12.85,13.0,717150,1050,1050,COALINDIA,370.0,CE,27-FEB-2025
2025-02-03 13:50:32.608774,COALINDIA27FEB25C370,OPTSTK,12.9,1814400,12.8,12.95,717150,1050,3150,COALINDIA,370.0,CE,27-FEB-2025
2025-02-03 13:50:39.047779,COALINDIA27FEB25C370,OPTSTK,12.9,1814400,12.8,12.95,717150,1050,3150,COALINDIA,370.0,CE,27-FEB-2025
2025-02-03 13:50:45.474854,COALINDIA27FEB25C370,OPTSTK,12.9,1814400,12.8,12.95,717150,1050,3150,COALINDIA,370.0,CE,27-FEB-2025
2025-02-03 13:50:52.057491,COALINDIA27FEB25C370,OPTSTK,12.9,1814400,12.8,12.95,717150,1050,3150,COALINDIA,370.0,CE,27-FEB-2025
2025-02-03 13:50:58.766945,COALINDIA27FEB25C370,OPTSTK,12.9,1814400,12.8,12.95,717150,1050,2100,COALINDIA,370.0,CE,27-FEB-2025
2025-02-03 13:51:05.475633,COALINDIA27FEB25C370,OPTSTK,12.9,1814400,12.8,12.95,717150,1050,2100,COALINDIA,370.0,CE,27-FEB-2025
2025-02-03 13:51:12.028660,COALINDIA27FEB25C370,OPTSTK,12.9,1814400,12.8,12.95,717150,1050,2100,COALINDIA,370.0,CE,27-FEB-2025
2025-02-03 13:51:18.680980,COALINDIA27FEB25C370,OPTSTK,12.9,1814400,12.8,12.95,717150,1050,2100,COALINDIA,370.0,CE,27-FEB-2025
2025-02-03 13:51:25.013071,COALINDIA27FEB25C370,OPTSTK,12.9,1814400,12.8,12.95,717150,1050,2100,COALINDIA,370.0,CE,27-FEB-2025
2025-02-03 13:51:31.453217,COALINDIA27FEB25C370,OPTSTK,12.9,1815450,12.6,12.75,717150,6300,1050,COALINDIA,370.0,CE,27-FEB-2025
2025-02-03 13:51:37.905607,COALINDIA27FEB25C370,OPTSTK,12.65,1815450,12.6,12.75,717150,6300,1050,COALINDIA,370.0,CE,27-FEB-2025
2025-02-03 13:51:44.238989,COALINDIA27FEB25C370,OPTSTK,12.65,1815450,12.6,12.75,717150,6300,1050,COALINDIA,370.0,CE,27-FEB-2025
2025-02-03 13:51:50.507746,COALINDIA27FEB25C370,OPTSTK,12.65,1815450,12.6,12.75,717150,6300,1050,COALINDIA,370.0,CE,27-FEB-2025
2025-02-03 13:51:56.883606,COALINDIA27FEB25C370,OPTSTK,12.65,1815450,12.6,12.75,717150,6300,1050,COALINDIA,370.0,CE,27-FEB-2025
2025-02-03 13:52:05.658859,COALINDIA27FEB25C370,OPTSTK,12.65,1816500,12.55,12.65,717150,1050,2100,COALINDIA,370.0,CE,27-FEB-2025
2025-02-03 13:52:12.339100,COALINDIA27FEB25C370,OPTSTK,12.65,1816500,12.55,12.65,717150,1050,2100,COALINDIA,370.0,CE,27-FEB-2025
2025-02-03 13:52:18.727638,COALINDIA27FEB25C370,OPTSTK,12.65,1816500,12.55,12.65,717150,1050,2100,COALINDIA,370.0,CE,27-FEB-2025
2025-02-03 13:52:25.431496,COALINDIA27FEB25C370,OPTSTK,12.65,1816500,12.55,12.65,717150,1050,2100,COALINDIA,370.0,CE,27-FEB-2025
2025-02-03 13:52:31.797705,COALINDIA27FEB25C370,OPTSTK,12.65,1816500,12.55,12.65,717150,1050,2100,COALINDIA,370.0,CE,27-FEB-2025
2025-02-03 13:52:38.631916,COALINDIA27FEB25C370,OPTSTK,12.65,1816500,12.25,12.4,717150,2100,2100,COALINDIA,370.0,CE,27-FEB-2025
2025-02-03 13:52:45.626909,COALINDIA27FEB25C370,OPTSTK,12.65,1816500,12.25,12.4,717150,2100,2100,COALINDIA,370.0,CE,27-FEB-2025
2025-02-03 13:52:52.108407,COALINDIA27FEB25C370,OPTSTK,12.65,1816500,12.25,12.4,717150,2100,2100,COALINDIA,370.0,CE,27-FEB-2025
2025-02-03 13:52:58.568033,COALINDIA27FEB25C370,OPTSTK,12.65,1816500,12.25,12.4,717150,2100,2100,COALINDIA,370.0,CE,27-FEB-2025
2025-02-03 13:53:06.110086,COALINDIA27FEB25C370,OPTSTK,12.65,1816500,12.25,12.4,717150,2100,2100,COALINDIA,370.0,CE,27-FEB-2025
2025-02-03 13:53:12.712244,COALINDIA27FEB25C370,OPTSTK,12.65,1816500,12.25,12.4,717150,2100,2100,COALINDIA,370.0,CE,27-FEB-2025
2025-02-03 13:53:19.190664,COALINDIA27FEB25C370,OPTSTK,12.65,1816500,12.25,12.4,717150,2100,2100,COALINDIA,370.0,CE,27-FEB-2025
2025-02-03 13:53:25.799296,COALINDIA27FEB25C370,OPTSTK,12.65,1816500,12.25,12.4,717150,2100,2100,COALINDIA,370.0,CE,27-FEB-2025
2025-02-03 13:53:32.366190,COALINDIA27FEB25C370,OPTSTK,12.65,1816500,12.25,12.4,717150,2100,2100,COALINDIA,370.0,CE,27-FEB-2025
2025-02-03 13:53:39.803627,COALINDIA27FEB25C370,OPTSTK,12.65,1816500,12.2,12.3,717150,1050,1050,COALINDIA,370.0,CE,27-FEB-2025
2025-02-03 13:53:46.119007,COALINDIA27FEB25C370,OPTSTK,12.65,1816500,12.2,12.3,717150,1050,1050,COALINDIA,370.0,CE,27-FEB-2025
2025-02-03 13:53:52.602231,COALINDIA27FEB25C370,OPTSTK,12.65,1816500,12.2,12.3,717150,1050,1050,COALINDIA,370.0,CE,27-FEB-2025
2025-02-03 13:53:59.164859,COALINDIA27FEB25C370,OPTSTK,12.65,1816500,12.2,12.3,717150,1050,1050,COALINDIA,370.0,CE,27-FEB-2025
2025-02-03 13:54:05.588259,COALINDIA27FEB25C370,OPTSTK,12.65,1816500,12.2,12.3,717150,1050,1050,COALINDIA,370.0,CE,27-FEB-2025
2025-02-03 13:54:11.915353,COALINDIA27FEB25C370,OPTSTK,12.65,1816500,12.2,12.3,717150,2100,1050,COALINDIA,370.0,CE,27-FEB-2025
2025-02-03 13:54:18.182617,COALINDIA27FEB25C370,OPTSTK,12.25,1816500,12.2,12.3,717150,2100,1050,COALINDIA,370.0,CE,27-FEB-2025
2025-02-03 13:54:24.742683,COALINDIA27FEB25C370,OPTSTK,12.3,1816500,12.2,12.3,717150,2100,1050,COALINDIA,370.0,CE,27-FEB-2025
2025-02-03 13:54:31.128176,COALINDIA27FEB25C370,OPTSTK,12.25,1816500,12.2,12.3,717150,2100,1050,COALINDIA,370.0,CE,27-FEB-2025
2025-02-03 13:54:37.682295,COALINDIA27FEB25C370,OPTSTK,12.25,1816500,12.2,12.3,717150,2100,1050,COALINDIA,370.0,CE,27-FEB-2025
2025-02-03 13:54:44.263125,COALINDIA27FEB25C370,OPTSTK,12.25,1819650,12.15,12.3,717150,2100,2100,COALINDIA,370.0,CE,27-FEB-2025
2025-02-03 13:54:52.055760,COALINDIA27FEB25C370,OPTSTK,12.25,1819650,12.15,12.3,717150,2100,2100,COALINDIA,370.0,CE,27-FEB-2025
2025-02-03 13:54:58.494626,COALINDIA27FEB25C370,OPTSTK,12.25,1819650,12.15,12.3,717150,2100,2100,COALINDIA,370.0,CE,27-FEB-2025
2025-02-03 13:55:05.157237,COALINDIA27FEB25C370,OPTSTK,12.25,1819650,12.15,12.3,717150,2100,2100,COALINDIA,370.0,CE,27-FEB-2025
2025-02-03 13:55:11.705489,COALINDIA27FEB25C370,OPTSTK,12.25,1819650,12.1,12.25,717150,2100,11550,COALINDIA,370.0,CE,27-FEB-2025
2025-02-03 13:55:18.321954,COALINDIA27FEB25C370,OPTSTK,12.2,1819650,12.1,12.25,717150,2100,11550,COALINDIA,370.0,CE,27-FEB-2025
2025-02-03 13:55:25.077898,COALINDIA27FEB25C370,OPTSTK,12.2,1819650,12.1,12.25,717150,2100,11550,COALINDIA,370.0,CE,27-FEB-2025
2025-02-03 13:55:31.584060,COALINDIA27FEB25C370,OPTSTK,12.35,1819650,12.1,12.25,706650,2100,11550,COALINDIA,370.0,CE,27-FEB-2025
2025-02-03 13:55:37.933230,COALINDIA27FEB25C370,OPTSTK,12.35,1834350,12.2,12.3,706650,1050,2100,COALINDIA,370.0,CE,27-FEB-2025
2025-02-03 13:55:44.444472,COALINDIA27FEB25C370,OPTSTK,12.35,1834350,12.2,12.3,706650,1050,2100,COALINDIA,370.0,CE,27-FEB-2025
2025-02-03 13:55:50.997841,COALINDIA27FEB25C370,OPTSTK,12.35,1834350,12.2,12.3,706650,1050,2100,COALINDIA,370.0,CE,27-FEB-2025
2025-02-03 13:55:57.323705,COALINDIA27FEB25C370,OPTSTK,12.35,1834350,12.2,12.3,706650,1050,2100,COALINDIA,370.0,CE,27-FEB-2025
2025-02-03 13:56:03.670876,COALINDIA27FEB25C370,OPTSTK,12.35,1834350,12.2,12.3,706650,1050,2100,COALINDIA,370.0,CE,27-FEB-2025
2025-02-03 13:56:10.035541,COALINDIA27FEB25C370,OPTSTK,12.2,1834350,12.15,12.25,706650,1050,1050,COALINDIA,370.0,CE,27-FEB-2025
2025-02-03 13:56:16.489619,COALINDIA27FEB25C370,OPTSTK,12.2,1834350,12.15,12.25,706650,1050,1050,COALINDIA,370.0,CE,27-FEB-2025
2025-02-03 13:56:23.061060,COALINDIA27FEB25C370,OPTSTK,12.2,1834350,12.15,12.25,706650,1050,1050,COALINDIA,370.0,CE,27-FEB-2025
2025-02-03 13:56:29.656241,COALINDIA27FEB25C370,OPTSTK,12.3,1834350,12.15,12.25,706650,1050,1050,COALINDIA,370.0,CE,27-FEB-2025
2025-02-03 13:56:36.146184,COALINDIA27FEB25C370,OPTSTK,12.3,1837500,12.2,12.3,706650,2100,1050,COALINDIA,370.0,CE,27-FEB-2025
2025-02-03 13:56:42.414459,COALINDIA27FEB25C370,OPTSTK,12.3,1837500,12.2,12.3,706650,2100,1050,COALINDIA,370.0,CE,27-FEB-2025
2025-02-03 13:56:49.001142,COALINDIA27FEB25C370,OPTSTK,12.3,1837500,12.2,12.3,706650,2100,1050,COALINDIA,370.0,CE,27-FEB-2025
2025-02-03 13:56:55.417925,COALINDIA27FEB25C370,OPTSTK,12.3,1837500,12.2,12.3,706650,2100,1050,COALINDIA,370.0,CE,27-FEB-2025
2025-02-03 13:57:01.895863,COALINDIA27FEB25C370,OPTSTK,12.3,1837500,12.2,12.3,706650,2100,1050,COALINDIA,370.0,CE,27-FEB-2025
2025-02-03 13:57:08.295504,COALINDIA27FEB25C370,OPTSTK,12.3,1837500,12.2,12.35,706650,4200,3150,COALINDIA,370.0,CE,27-FEB-2025
2025-02-03 13:57:14.867053,COALINDIA27FEB25C370,OPTSTK,12.3,1837500,12.2,12.35,706650,4200,3150,COALINDIA,370.0,CE,27-FEB-2025
2025-02-03 13:57:21.623502,COALINDIA27FEB25C370,OPTSTK,12.3,1837500,12.2,12.35,706650,4200,3150,COALINDIA,370.0,CE,27-FEB-2025
2025-02-03 13:57:28.448309,COALINDIA27FEB25C370,OPTSTK,12.3,1837500,12.2,12.35,706650,4200,3150,COALINDIA,370.0,CE,27-FEB-2025
2025-02-03 13:57:35.167733,COALINDIA27FEB25C370,OPTSTK,12.3,1837500,12.25,12.35,706650,1050,1050,COALINDIA,370.0,CE,27-FEB-2025
2025-02-03 13:57:41.562968,COALINDIA27FEB25C370,OPTSTK,12.3,1837500,12.25,12.35,706650,1050,1050,COALINDIA,370.0,CE,27-FEB-2025
2025-02-03 13:57:47.913130,COALINDIA27FEB25C370,OPTSTK,12.15,1837500,12.25,12.35,706650,1050,1050,COALINDIA,370.0,CE,27-FEB-2025
2025-02-03 13:57:54.236629,COALINDIA27FEB25C370,OPTSTK,12.15,1837500,12.25,12.35,706650,1050,1050,COALINDIA,370.0,CE,27-FEB-2025
2025-02-03 13:58:00.975598,COALINDIA27FEB25C370,OPTSTK,12.15,1841700,12.15,12.25,706650,2100,1050,COALINDIA,370.0,CE,27-FEB-2025
2025-02-03 13:58:07.459084,COALINDIA27FEB25C370,OPTSTK,12.15,1841700,12.15,12.25,706650,2100,1050,COALINDIA,370.0,CE,27-FEB-2025
2025-02-03 13:58:13.913687,COALINDIA27FEB25C370,OPTSTK,12.15,1841700,12.15,12.25,706650,2100,1050,COALINDIA,370.0,CE,27-FEB-2025
2025-02-03 13:58:20.754105,COALINDIA27FEB25C370,OPTSTK,12.15,1841700,12.15,12.25,706650,2100,1050,COALINDIA,370.0,CE,27-FEB-2025
2025-02-03 13:58:27.813381,COALINDIA27FEB25C370,OPTSTK,12.15,1841700,12.15,12.25,706650,2100,1050,COALINDIA,370.0,CE,27-FEB-2025
2025-02-03 13:58:34.980802,COALINDIA27FEB25C370,OPTSTK,12.15,1841700,12.2,12.35,706650,1050,3150,COALINDIA,370.0,CE,27-FEB-2025
2025-02-03 13:58:41.619495,COALINDIA27FEB25C370,OPTSTK,12.15,1841700,12.2,12.35,706650,1050,3150,COALINDIA,370.0,CE,27-FEB-2025
2025-02-03 13:58:48.358217,COALINDIA27FEB25C370,OPTSTK,12.15,1841700,12.2,12.35,706650,1050,3150,COALINDIA,370.0,CE,27-FEB-2025
2025-02-03 13:58:55.759453,COALINDIA27FEB25C370,OPTSTK,12.3,1841700,12.2,12.35,704550,1050,3150,COALINDIA,370.0,CE,27-FEB-2025
2025-02-03 13:59:02.256535,COALINDIA27FEB25C370,OPTSTK,12.3,1842750,12.2,12.3,704550,1050,1050,COALINDIA,370.0,CE,27-FEB-2025
2025-02-03 13:59:08.629692,COALINDIA27FEB25C370,OPTSTK,12.3,1842750,12.2,12.3,704550,1050,1050,COALINDIA,370.0,CE,27-FEB-2025
2025-02-03 13:59:15.075411,COALINDIA27FEB25C370,OPTSTK,12.3,1842750,12.2,12.3,704550,1050,1050,COALINDIA,370.0,CE,27-FEB-2025
2025-02-03 13:59:21.601381,COALINDIA27FEB25C370,OPTSTK,12.3,1842750,12.2,12.3,704550,1050,1050,COALINDIA,370.0,CE,27-FEB-2025
2025-02-03 13:59:28.134271,COALINDIA27FEB25C370,OPTSTK,12.3,1842750,12.2,12.3,704550,1050,1050,COALINDIA,370.0,CE,27-FEB-2025
2025-02-03 13:59:34.374057,COALINDIA27FEB25C370,OPTSTK,12.3,1842750,12.2,12.3,704550,1050,1050,COALINDIA,370.0,CE,27-FEB-2025
2025-02-03 13:59:41.866116,COALINDIA27FEB25C370,OPTSTK,12.3,1842750,12.2,12.3,704550,1050,1050,COALINDIA,370.0,CE,27-FEB-2025
2025-02-03 13:59:48.470644,COALINDIA27FEB25C370,OPTSTK,12.3,1842750,12.2,12.3,704550,1050,1050,COALINDIA,370.0,CE,27-FEB-2025
2025-02-03 13:59:55.116339,COALINDIA27FEB25C370,OPTSTK,12.3,1842750,12.25,12.35,704550,1050,1050,COALINDIA,370.0,CE,27-FEB-2025
2025-02-03 14:00:01.675797,COALINDIA27FEB25C370,OPTSTK,12.3,1842750,12.25,12.35,704550,1050,1050,COALINDIA,370.0,CE,27-FEB-2025
2025-02-03 14:00:08.215353,COALINDIA27FEB25C370,OPTSTK,12.3,1842750,12.25,12.35,704550,1050,1050,COALINDIA,370.0,CE,27-FEB-2025
2025-02-03 14:00:14.761357,COALINDIA27FEB25C370,OPTSTK,12.3,1842750,12.25,12.35,704550,1050,1050,COALINDIA,370.0,CE,27-FEB-2025
2025-02-03 14:00:21.295572,COALINDIA27FEB25C370,OPTSTK,12.3,1842750,12.25,12.4,704550,2100,3150,COALINDIA,370.0,CE,27-FEB-2025
2025-02-03 14:00:28.675177,COALINDIA27FEB25C370,OPTSTK,12.3,1842750,12.25,12.4,704550,2100,3150,COALINDIA,370.0,CE,27-FEB-2025
2025-02-03 14:00:35.121548,COALINDIA27FEB25C370,OPTSTK,12.3,1842750,12.25,12.4,704550,2100,3150,COALINDIA,370.0,CE,27-FEB-2025
2025-02-03 14:00:41.899339,COALINDIA27FEB25C370,OPTSTK,12.3,1842750,12.25,12.4,704550,2100,3150,COALINDIA,370.0,CE,27-FEB-2025
2025-02-03 14:00:49.354826,COALINDIA27FEB25C370,OPTSTK,12.3,1842750,12.25,12.4,704550,2100,1050,COALINDIA,370.0,CE,27-FEB-2025
2025-02-03 14:00:58.386711,COALINDIA27FEB25C370,OPTSTK,12.3,1842750,12.25,12.4,704550,2100,1050,COALINDIA,370.0,CE,27-FEB-2025
2025-02-03 14:01:04.871270,COALINDIA27FEB25C370,OPTSTK,12.3,1842750,12.25,12.4,704550,2100,1050,COALINDIA,370.0,CE,27-FEB-2025
2025-02-03 14:01:11.340441,COALINDIA27FEB25C370,OPTSTK,12.3,1842750,12.25,12.4,704550,2100,1050,COALINDIA,370.0,CE,27-FEB-2025
2025-02-03 14:01:18.219650,COALINDIA27FEB25C370,OPTSTK,12.3,1842750,12.35,12.5,704550,2100,4200,COALINDIA,370.0,CE,27-FEB-2025
2025-02-03 14:01:24.859078,COALINDIA27FEB25C370,OPTSTK,12.3,1842750,12.35,12.5,704550,2100,4200,COALINDIA,370.0,CE,27-FEB-2025
2025-02-03 14:01:31.673951,COALINDIA27FEB25C370,OPTSTK,12.3,1842750,12.35,12.5,704550,2100,4200,COALINDIA,370.0,CE,27-FEB-2025
2025-02-03 14:01:38.377523,COALINDIA27FEB25C370,OPTSTK,12.3,1842750,12.35,12.5,704550,2100,4200,COALINDIA,370.0,CE,27-FEB-2025
2025-02-03 14:01:45.904814,COALINDIA27FEB25C370,OPTSTK,12.3,1842750,12.3,12.45,704550,2100,1050,COALINDIA,370.0,CE,27-FEB-2025
2025-02-03 14:01:52.605048,COALINDIA27FEB25C370,OPTSTK,12.3,1842750,12.3,12.45,704550,2100,1050,COALINDIA,370.0,CE,27-FEB-2025
2025-02-03 14:01:59.266513,COALINDIA27FEB25C370,OPTSTK,12.3,1842750,12.3,12.45,704550,2100,1050,COALINDIA,370.0,CE,27-FEB-2025
2025-02-03 14:02:05.719748,COALINDIA27FEB25C370,OPTSTK,12.3,1842750,12.3,12.45,704550,2100,1050,COALINDIA,370.0,CE,27-FEB-2025
2025-02-03 14:02:12.348743,COALINDIA27FEB25C370,OPTSTK,12.3,1842750,12.25,12.4,704550,3150,1050,COALINDIA,370.0,CE,27-FEB-2025
2025-02-03 14:02:19.240349,COALINDIA27FEB25C370,OPTSTK,12.3,1842750,12.25,12.4,704550,3150,1050,COALINDIA,370.0,CE,27-FEB-2025
2025-02-03 14:02:26.015319,COALINDIA27FEB25C370,OPTSTK,12.3,1842750,12.25,12.4,704550,3150,1050,COALINDIA,370.0,CE,27-FEB-2025
2025-02-03 14:02:32.663208,COALINDIA27FEB25C370,OPTSTK,12.3,1842750,12.25,12.4,704550,3150,1050,COALINDIA,370.0,CE,27-FEB-2025
2025-02-03 14:02:39.233274,COALINDIA27FEB25C370,OPTSTK,12.3,1842750,12.25,12.4,704550,3150,1050,COALINDIA,370.0,CE,27-FEB-2025
2025-02-03 14:02:45.881364,COALINDIA27FEB25C370,OPTSTK,12.3,1842750,12.35,12.5,704550,1050,2100,COALINDIA,370.0,CE,27-FEB-2025
2025-02-03 14:02:52.636977,COALINDIA27FEB25C370,OPTSTK,12.3,1842750,12.35,12.5,704550,1050,2100,COALINDIA,370.0,CE,27-FEB-2025
2025-02-03 14:02:59.164504,COALINDIA27FEB25C370,OPTSTK,12.3,1842750,12.35,12.5,704550,1050,2100,COALINDIA,370.0,CE,27-FEB-2025
2025-02-03 14:03:05.878869,COALINDIA27FEB25C370,OPTSTK,12.3,1842750,12.35,12.5,704550,1050,2100,COALINDIA,370.0,CE,27-FEB-2025
2025-02-03 14:03:12.454041,COALINDIA27FEB25C370,OPTSTK,12.3,1842750,12.4,12.55,704550,1050,2100,COALINDIA,370.0,CE,27-FEB-2025
2025-02-03 14:03:18.928286,COALINDIA27FEB25C370,OPTSTK,12.3,1842750,12.4,12.55,704550,1050,2100,COALINDIA,370.0,CE,27-FEB-2025
2025-02-03 14:03:25.587884,COALINDIA27FEB25C370,OPTSTK,12.3,1842750,12.4,12.55,704550,1050,2100,COALINDIA,370.0,CE,27-FEB-2025
2025-02-03 14:03:32.233786,COALINDIA27FEB25C370,OPTSTK,12.3,1842750,12.4,12.55,704550,1050,2100,COALINDIA,370.0,CE,27-FEB-2025
2025-02-03 14:03:39.041334,COALINDIA27FEB25C370,OPTSTK,12.3,1842750,12.45,12.6,704550,1050,1050,COALINDIA,370.0,CE,27-FEB-2025
2025-02-03 14:03:45.661838,COALINDIA27FEB25C370,OPTSTK,12.3,1842750,12.45,12.6,704550,1050,1050,COALINDIA,370.0,CE,27-FEB-2025
2025-02-03 14:03:52.159108,COALINDIA27FEB25C370,OPTSTK,12.45,1842750,12.45,12.6,705600,1050,1050,COALINDIA,370.0,CE,27-FEB-2025
2025-02-03 14:03:59.225473,COALINDIA27FEB25C370,OPTSTK,12.45,1842750,12.45,12.6,705600,1050,1050,COALINDIA,370.0,CE,27-FEB-2025
2025-02-03 14:04:05.835888,COALINDIA27FEB25C370,OPTSTK,12.45,1843800,12.3,12.45,705600,2100,1050,COALINDIA,370.0,CE,27-FEB-2025
2025-02-03 14:04:12.338726,COALINDIA27FEB25C370,OPTSTK,12.45,1843800,12.3,12.45,705600,2100,1050,COALINDIA,370.0,CE,27-FEB-2025
2025-02-03 14:04:19.207225,COALINDIA27FEB25C370,OPTSTK,12.45,1843800,12.3,12.45,705600,2100,1050,COALINDIA,370.0,CE,27-FEB-2025
2025-02-03 14:04:25.818358,COALINDIA27FEB25C370,OPTSTK,12.45,1843800,12.3,12.45,705600,2100,1050,COALINDIA,370.0,CE,27-FEB-2025
2025-02-03 14:04:32.498318,COALINDIA27FEB25C370,OPTSTK,12.45,1843800,12.3,12.45,705600,2100,1050,COALINDIA,370.0,CE,27-FEB-2025
2025-02-03 14:04:38.912220,COALINDIA27FEB25C370,OPTSTK,12.45,1843800,12.35,12.45,705600,2100,5250,COALINDIA,370.0,CE,27-FEB-2025
2025-02-03 14:04:45.396933,COALINDIA27FEB25C370,OPTSTK,12.45,1843800,12.35,12.45,706650,2100,5250,COALINDIA,370.0,CE,27-FEB-2025
2025-02-03 14:04:52.285241,COALINDIA27FEB25C370,OPTSTK,12.45,1843800,12.35,12.45,706650,2100,5250,COALINDIA,370.0,CE,27-FEB-2025
2025-02-03 14:04:58.935353,COALINDIA27FEB25C370,OPTSTK,12.45,1843800,12.35,12.45,706650,2100,5250,COALINDIA,370.0,CE,27-FEB-2025
2025-02-03 14:05:05.606740,COALINDIA27FEB25C370,OPTSTK,12.45,1849050,12.4,12.55,706650,3150,1050,COALINDIA,370.0,CE,27-FEB-2025
2025-02-03 14:05:12.188737,COALINDIA27FEB25C370,OPTSTK,12.45,1849050,12.4,12.55,706650,3150,1050,COALINDIA,370.0,CE,27-FEB-2025
2025-02-03 14:05:18.568047,COALINDIA27FEB25C370,OPTSTK,12.45,1849050,12.4,12.55,706650,3150,1050,COALINDIA,370.0,CE,27-FEB-2025
2025-02-03 14:05:24.917560,COALINDIA27FEB25C370,OPTSTK,12.45,1849050,12.4,12.55,706650,3150,1050,COALINDIA,370.0,CE,27-FEB-2025
2025-02-03 14:05:31.521283,COALINDIA27FEB25C370,OPTSTK,12.45,1849050,12.5,12.65,706650,2100,2100,COALINDIA,370.0,CE,27-FEB-2025
2025-02-03 14:05:38.062273,COALINDIA27FEB25C370,OPTSTK,12.45,1849050,12.5,12.65,706650,2100,2100,COALINDIA,370.0,CE,27-FEB-2025
2025-02-03 14:05:44.928848,COALINDIA27FEB25C370,OPTSTK,12.45,1849050,12.5,12.65,706650,2100,2100,COALINDIA,370.0,CE,27-FEB-2025
2025-02-03 14:05:51.699318,COALINDIA27FEB25C370,OPTSTK,12.45,1849050,12.5,12.65,706650,2100,2100,COALINDIA,370.0,CE,27-FEB-2025
2025-02-03 14:05:58.531886,COALINDIA27FEB25C370,OPTSTK,12.45,1849050,12.5,12.65,706650,2100,1050,COALINDIA,370.0,CE,27-FEB-2025
2025-02-03 14:06:05.527342,COALINDIA27FEB25C370,OPTSTK,12.45,1849050,12.5,12.65,706650,2100,1050,COALINDIA,370.0,CE,27-FEB-2025
2025-02-03 14:06:12.188012,COALINDIA27FEB25C370,OPTSTK,12.45,1849050,12.5,12.65,706650,2100,1050,COALINDIA,370.0,CE,27-FEB-2025
2025-02-03 14:06:18.626014,COALINDIA27FEB25C370,OPTSTK,12.45,1849050,12.5,12.65,706650,2100,1050,COALINDIA,370.0,CE,27-FEB-2025
2025-02-03 14:06:25.113023,COALINDIA27FEB25C370,OPTSTK,12.45,1849050,12.45,12.6,706650,3150,4200,COALINDIA,370.0,CE,27-FEB-2025
2025-02-03 14:06:31.722145,COALINDIA27FEB25C370,OPTSTK,12.45,1849050,12.45,12.6,706650,3150,4200,COALINDIA,370.0,CE,27-FEB-2025
2025-02-03 14:06:38.339126,COALINDIA27FEB25C370,OPTSTK,12.45,1849050,12.45,12.6,706650,3150,4200,COALINDIA,370.0,CE,27-FEB-2025
2025-02-03 14:06:44.873106,COALINDIA27FEB25C370,OPTSTK,12.45,1849050,12.45,12.6,706650,3150,4200,COALINDIA,370.0,CE,27-FEB-2025
2025-02-03 14:06:51.527902,COALINDIA27FEB25C370,OPTSTK,12.45,1849050,12.45,12.6,706650,3150,4200,COALINDIA,370.0,CE,27-FEB-2025
2025-02-03 14:06:58.129772,COALINDIA27FEB25C370,OPTSTK,12.45,1849050,12.55,12.7,706650,3150,3150,COALINDIA,370.0,CE,27-FEB-2025
2025-02-03 14:07:05.070753,COALINDIA27FEB25C370,OPTSTK,12.45,1849050,12.55,12.7,706650,3150,3150,COALINDIA,370.0,CE,27-FEB-2025
2025-02-03 14:07:11.973269,COALINDIA27FEB25C370,OPTSTK,12.45,1849050,12.55,12.7,706650,3150,3150,COALINDIA,370.0,CE,27-FEB-2025
2025-02-03 14:07:18.907353,COALINDIA27FEB25C370,OPTSTK,12.45,1849050,12.55,12.7,706650,3150,3150,COALINDIA,370.0,CE,27-FEB-2025
2025-02-03 14:07:27.047797,COALINDIA27FEB25C370,OPTSTK,12.45,1849050,12.5,12.65,706650,2100,1050,COALINDIA,370.0,CE,27-FEB-2025
2025-02-03 14:07:33.603165,COALINDIA27FEB25C370,OPTSTK,12.45,1849050,12.5,12.65,706650,2100,1050,COALINDIA,370.0,CE,27-FEB-2025
2025-02-03 14:07:40.195306,COALINDIA27FEB25C370,OPTSTK,12.45,1849050,12.5,12.65,706650,2100,1050,COALINDIA,370.0,CE,27-FEB-2025
2025-02-03 14:07:46.848182,COALINDIA27FEB25C370,OPTSTK,12.45,1849050,12.5,12.65,706650,2100,1050,COALINDIA,370.0,CE,27-FEB-2025
2025-02-03 14:07:53.366852,COALINDIA27FEB25C370,OPTSTK,12.7,1850100,12.6,12.75,701400,2100,1050,COALINDIA,370.0,CE,27-FEB-2025
2025-02-03 14:07:59.915704,COALINDIA27FEB25C370,OPTSTK,12.7,1850100,12.6,12.75,701400,2100,1050,COALINDIA,370.0,CE,27-FEB-2025
2025-02-03 14:08:06.339235,COALINDIA27FEB25C370,OPTSTK,12.7,1850100,12.6,12.75,701400,2100,1050,COALINDIA,370.0,CE,27-FEB-2025
2025-02-03 14:08:12.970806,COALINDIA27FEB25C370,OPTSTK,12.7,1850100,12.6,12.75,701400,2100,1050,COALINDIA,370.0,CE,27-FEB-2025
2025-02-03 14:08:19.349097,COALINDIA27FEB25C370,OPTSTK,12.7,1850100,12.6,12.75,701400,2100,1050,COALINDIA,370.0,CE,27-FEB-2025
2025-02-03 14:08:25.757041,COALINDIA27FEB25C370,OPTSTK,12.7,1850100,12.6,12.75,701400,2100,1050,COALINDIA,370.0,CE,27-FEB-2025
2025-02-03 14:08:32.420137,COALINDIA27FEB25C370,OPTSTK,12.7,1850100,12.6,12.75,701400,2100,1050,COALINDIA,370.0,CE,27-FEB-2025
2025-02-03 14:08:38.956554,COALINDIA27FEB25C370,OPTSTK,12.7,1850100,12.6,12.75,701400,2100,1050,COALINDIA,370.0,CE,27-FEB-2025
2025-02-03 14:08:45.581895,COALINDIA27FEB25C370,OPTSTK,12.7,1850100,12.6,12.75,701400,2100,1050,COALINDIA,370.0,CE,27-FEB-2025
2025-02-03 14:08:52.187410,COALINDIA27FEB25C370,OPTSTK,12.7,1851150,12.6,12.7,701400,1050,10500,COALINDIA,370.0,CE,27-FEB-2025
2025-02-03 14:08:58.745204,COALINDIA27FEB25C370,OPTSTK,12.7,1851150,12.6,12.7,701400,1050,10500,COALINDIA,370.0,CE,27-FEB-2025
2025-02-03 14:09:05.386928,COALINDIA27FEB25C370,OPTSTK,12.7,1851150,12.6,12.7,701400,1050,10500,COALINDIA,370.0,CE,27-FEB-2025
2025-02-03 14:09:12.174730,COALINDIA27FEB25C370,OPTSTK,12.65,1851150,12.6,12.7,701400,1050,10500,COALINDIA,370.0,CE,27-FEB-2025
2025-02-03 14:09:18.698972,COALINDIA27FEB25C370,OPTSTK,12.65,1853250,12.5,12.65,701400,2100,2100,COALINDIA,370.0,CE,27-FEB-2025
2025-02-03 14:09:25.333088,COALINDIA27FEB25C370,OPTSTK,12.65,1853250,12.5,12.65,701400,2100,2100,COALINDIA,370.0,CE,27-FEB-2025
2025-02-03 14:09:31.752539,COALINDIA27FEB25C370,OPTSTK,12.65,1853250,12.5,12.65,701400,2100,2100,COALINDIA,370.0,CE,27-FEB-2025
2025-02-03 14:09:38.517468,COALINDIA27FEB25C370,OPTSTK,12.65,1853250,12.5,12.65,701400,2100,2100,COALINDIA,370.0,CE,27-FEB-2025
2025-02-03 14:09:45.156672,COALINDIA27FEB25C370,OPTSTK,12.65,1853250,12.5,12.65,701400,2100,2100,COALINDIA,370.0,CE,27-FEB-2025
2025-02-03 14:09:51.629705,COALINDIA27FEB25C370,OPTSTK,12.65,1855350,12.65,12.7,701400,1050,8400,COALINDIA,370.0,CE,27-FEB-2025
2025-02-03 14:09:58.125498,COALINDIA27FEB25C370,OPTSTK,12.65,1855350,12.65,12.7,701400,1050,8400,COALINDIA,370.0,CE,27-FEB-2025
2025-02-03 14:10:04.641849,COALINDIA27FEB25C370,OPTSTK,12.65,1855350,12.65,12.7,701400,1050,8400,COALINDIA,370.0,CE,27-FEB-2025
2025-02-03 14:10:11.153677,COALINDIA27FEB25C370,OPTSTK,12.65,1855350,12.65,12.7,701400,1050,8400,COALINDIA,370.0,CE,27-FEB-2025
2025-02-03 14:10:17.622594,COALINDIA27FEB25C370,OPTSTK,12.65,1856400,12.6,12.7,701400,1050,8400,COALINDIA,370.0,CE,27-FEB-2025
2025-02-03 14:10:24.677624,COALINDIA27FEB25C370,OPTSTK,12.65,1856400,12.6,12.7,701400,1050,8400,COALINDIA,370.0,CE,27-FEB-2025
2025-02-03 14:10:31.148643,COALINDIA27FEB25C370,OPTSTK,12.65,1856400,12.6,12.7,701400,1050,8400,COALINDIA,370.0,CE,27-FEB-2025
2025-02-03 14:10:37.864150,COALINDIA27FEB25C370,OPTSTK,12.65,1856400,12.6,12.7,701400,1050,8400,COALINDIA,370.0,CE,27-FEB-2025
2025-02-03 14:10:44.499000,COALINDIA27FEB25C370,OPTSTK,12.7,1857450,12.55,12.7,704550,2100,8400,COALINDIA,370.0,CE,27-FEB-2025
2025-02-03 14:10:51.635782,COALINDIA27FEB25C370,OPTSTK,12.7,1857450,12.55,12.7,704550,2100,8400,COALINDIA,370.0,CE,27-FEB-2025
2025-02-03 14:10:57.989788,COALINDIA27FEB25C370,OPTSTK,12.7,1857450,12.55,12.7,704550,2100,8400,COALINDIA,370.0,CE,27-FEB-2025
2025-02-03 14:11:04.402633,COALINDIA27FEB25C370,OPTSTK,12.7,1857450,12.55,12.7,704550,2100,8400,COALINDIA,370.0,CE,27-FEB-2025
2025-02-03 14:11:10.919183,COALINDIA27FEB25C370,OPTSTK,12.7,1857450,12.6,12.7,704550,1050,8400,COALINDIA,370.0,CE,27-FEB-2025
2025-02-03 14:11:17.371689,COALINDIA27FEB25C370,OPTSTK,12.7,1857450,12.6,12.7,704550,1050,8400,COALINDIA,370.0,CE,27-FEB-2025
2025-02-03 14:11:23.722326,COALINDIA27FEB25C370,OPTSTK,12.7,1857450,12.6,12.7,704550,1050,8400,COALINDIA,370.0,CE,27-FEB-2025
2025-02-03 14:11:30.019813,COALINDIA27FEB25C370,OPTSTK,12.7,1857450,12.6,12.7,704550,1050,8400,COALINDIA,370.0,CE,27-FEB-2025
2025-02-03 14:11:36.373864,COALINDIA27FEB25C370,OPTSTK,12.7,1857450,12.6,12.7,704550,1050,8400,COALINDIA,370.0,CE,27-FEB-2025
2025-02-03 14:11:42.768173,COALINDIA27FEB25C370,OPTSTK,12.7,1857450,12.65,12.7,704550,1050,8400,COALINDIA,370.0,CE,27-FEB-2025
2025-02-03 14:11:49.117140,COALINDIA27FEB25C370,OPTSTK,12.7,1857450,12.65,12.7,704550,1050,8400,COALINDIA,370.0,CE,27-FEB-2025
2025-02-03 14:11:55.466249,COALINDIA27FEB25C370,OPTSTK,12.7,1857450,12.65,12.7,704550,1050,8400,COALINDIA,370.0,CE,27-FEB-2025
2025-02-03 14:12:03.265323,COALINDIA27FEB25C370,OPTSTK,12.7,1857450,12.65,12.7,704550,1050,8400,COALINDIA,370.0,CE,27-FEB-2025
2025-02-03 14:12:09.684076,COALINDIA27FEB25C370,OPTSTK,12.7,1865850,12.7,12.8,704550,1050,3150,COALINDIA,370.0,CE,27-FEB-2025
2025-02-03 14:12:16.213480,COALINDIA27FEB25C370,OPTSTK,12.7,1865850,12.7,12.8,704550,1050,3150,COALINDIA,370.0,CE,27-FEB-2025
2025-02-03 14:12:22.567464,COALINDIA27FEB25C370,OPTSTK,12.7,1865850,12.7,12.8,704550,1050,3150,COALINDIA,370.0,CE,27-FEB-2025
2025-02-03 14:12:29.126965,COALINDIA27FEB25C370,OPTSTK,12.7,1865850,12.7,12.8,704550,1050,3150,COALINDIA,370.0,CE,27-FEB-2025
2025-02-03 14:12:35.569249,COALINDIA27FEB25C370,OPTSTK,12.7,1865850,12.75,12.85,704550,2100,1050,COALINDIA,370.0,CE,27-FEB-2025
2025-02-03 14:12:42.019830,COALINDIA27FEB25C370,OPTSTK,12.7,1865850,12.75,12.85,704550,2100,1050,COALINDIA,370.0,CE,27-FEB-2025
2025-02-03 14:12:48.526007,COALINDIA27FEB25C370,OPTSTK,12.7,1865850,12.75,12.85,704550,2100,1050,COALINDIA,370.0,CE,27-FEB-2025
2025-02-03 14:12:54.832102,COALINDIA27FEB25C370,OPTSTK,12.7,1865850,12.75,12.85,704550,2100,1050,COALINDIA,370.0,CE,27-FEB-2025
2025-02-03 14:13:01.325843,COALINDIA27FEB25C370,OPTSTK,12.7,1865850,12.75,12.85,704550,2100,1050,COALINDIA,370.0,CE,27-FEB-2025
2025-02-03 14:13:07.600670,COALINDIA27FEB25C370,OPTSTK,12.7,1865850,12.75,12.9,704550,3150,2100,COALINDIA,370.0,CE,27-FEB-2025
2025-02-03 14:13:14.219278,COALINDIA27FEB25C370,OPTSTK,12.7,1865850,12.75,12.9,704550,3150,2100,COALINDIA,370.0,CE,27-FEB-2025
2025-02-03 14:13:20.576908,COALINDIA27FEB25C370,OPTSTK,12.7,1865850,12.75,12.9,704550,3150,2100,COALINDIA,370.0,CE,27-FEB-2025
2025-02-03 14:13:26.992615,COALINDIA27FEB25C370,OPTSTK,12.7,1865850,12.75,12.9,704550,3150,2100,COALINDIA,370.0,CE,27-FEB-2025
2025-02-03 14:13:33.469710,COALINDIA27FEB25C370,OPTSTK,12.7,1865850,12.7,12.85,704550,1050,4200,COALINDIA,370.0,CE,27-FEB-2025
2025-02-03 14:13:40.266719,COALINDIA27FEB25C370,OPTSTK,12.7,1865850,12.7,12.85,704550,1050,4200,COALINDIA,370.0,CE,27-FEB-2025
2025-02-03 14:13:46.807203,COALINDIA27FEB25C370,OPTSTK,12.7,1865850,12.7,12.85,704550,1050,4200,COALINDIA,370.0,CE,27-FEB-2025
2025-02-03 14:13:53.126898,COALINDIA27FEB25C370,OPTSTK,12.7,1865850,12.7,12.85,704550,1050,4200,COALINDIA,370.0,CE,27-FEB-2025
2025-02-03 14:13:59.590493,COALINDIA27FEB25C370,OPTSTK,12.7,1865850,12.65,12.8,704550,2100,1050,COALINDIA,370.0,CE,27-FEB-2025
2025-02-03 14:14:06.075387,COALINDIA27FEB25C370,OPTSTK,12.7,1865850,12.65,12.8,704550,2100,1050,COALINDIA,370.0,CE,27-FEB-2025
2025-02-03 14:14:12.288538,COALINDIA27FEB25C370,OPTSTK,12.7,1865850,12.65,12.8,704550,2100,1050,COALINDIA,370.0,CE,27-FEB-2025
2025-02-03 14:14:18.860145,COALINDIA27FEB25C370,OPTSTK,12.7,1865850,12.65,12.8,704550,2100,1050,COALINDIA,370.0,CE,27-FEB-2025
2025-02-03 14:14:25.137973,COALINDIA27FEB25C370,OPTSTK,12.7,1865850,12.65,12.8,704550,2100,1050,COALINDIA,370.0,CE,27-FEB-2025
2025-02-03 14:14:31.588721,COALINDIA27FEB25C370,OPTSTK,12.7,1865850,12.65,12.8,704550,2100,6300,COALINDIA,370.0,CE,27-FEB-2025
2025-02-03 14:14:38.194900,COALINDIA27FEB25C370,OPTSTK,12.7,1865850,12.65,12.8,704550,2100,6300,COALINDIA,370.0,CE,27-FEB-2025
2025-02-03 14:14:44.505210,COALINDIA27FEB25C370,OPTSTK,12.7,1865850,12.65,12.8,704550,2100,6300,COALINDIA,370.0,CE,27-FEB-2025
2025-02-03 14:14:50.896037,COALINDIA27FEB25C370,OPTSTK,12.7,1865850,12.65,12.8,704550,2100,6300,COALINDIA,370.0,CE,27-FEB-2025
2025-02-03 14:14:56.985916,COALINDIA27FEB25C370,OPTSTK,12.7,1865850,12.7,12.85,704550,1050,6300,COALINDIA,370.0,CE,27-FEB-2025
2025-02-03 14:15:03.324313,COALINDIA27FEB25C370,OPTSTK,12.7,1865850,12.7,12.85,704550,1050,6300,COALINDIA,370.0,CE,27-FEB-2025
2025-02-03 14:15:09.640180,COALINDIA27FEB25C370,OPTSTK,12.7,1865850,12.7,12.85,704550,1050,6300,COALINDIA,370.0,CE,27-FEB-2025
2025-02-03 14:15:15.996442,COALINDIA27FEB25C370,OPTSTK,12.7,1865850,12.7,12.85,704550,1050,6300,COALINDIA,370.0,CE,27-FEB-2025
2025-02-03 14:15:22.417709,COALINDIA27FEB25C370,OPTSTK,12.7,1865850,12.75,12.85,704550,1050,1050,COALINDIA,370.0,CE,27-FEB-2025
2025-02-03 14:15:28.813679,COALINDIA27FEB25C370,OPTSTK,12.7,1865850,12.75,12.85,704550,1050,1050,COALINDIA,370.0,CE,27-FEB-2025
2025-02-03 14:15:35.155085,COALINDIA27FEB25C370,OPTSTK,12.9,1865850,12.75,12.85,700350,1050,1050,COALINDIA,370.0,CE,27-FEB-2025
2025-02-03 14:15:41.530617,COALINDIA27FEB25C370,OPTSTK,13.0,1865850,12.75,12.85,700350,1050,1050,COALINDIA,370.0,CE,27-FEB-2025
2025-02-03 14:15:47.688534,COALINDIA27FEB25C370,OPTSTK,13.0,1865850,12.75,12.85,700350,1050,1050,COALINDIA,370.0,CE,27-FEB-2025
2025-02-03 14:15:54.032739,COALINDIA27FEB25C370,OPTSTK,13.0,1867950,12.95,13.1,700350,3150,3150,COALINDIA,370.0,CE,27-FEB-2025
2025-02-03 14:16:00.437682,COALINDIA27FEB25C370,OPTSTK,13.1,1867950,12.95,13.1,700350,3150,3150,COALINDIA,370.0,CE,27-FEB-2025
2025-02-03 14:16:06.904254,COALINDIA27FEB25C370,OPTSTK,13.05,1867950,12.95,13.1,700350,3150,3150,COALINDIA,370.0,CE,27-FEB-2025
2025-02-03 14:16:13.207514,COALINDIA27FEB25C370,OPTSTK,13.05,1867950,12.95,13.1,700350,3150,3150,COALINDIA,370.0,CE,27-FEB-2025
2025-02-03 14:16:19.746838,COALINDIA27FEB25C370,OPTSTK,13.05,1872150,13.1,13.2,700350,2100,2100,COALINDIA,370.0,CE,27-FEB-2025
2025-02-03 14:16:26.001939,COALINDIA27FEB25C370,OPTSTK,13.05,1872150,13.1,13.2,699300,2100,2100,COALINDIA,370.0,CE,27-FEB-2025
2025-02-03 14:16:32.358741,COALINDIA27FEB25C370,OPTSTK,13.05,1872150,13.1,13.2,699300,2100,2100,COALINDIA,370.0,CE,27-FEB-2025
2025-02-03 14:16:38.592847,COALINDIA27FEB25C370,OPTSTK,13.05,1872150,13.1,13.2,699300,2100,2100,COALINDIA,370.0,CE,27-FEB-2025
2025-02-03 14:16:44.806251,COALINDIA27FEB25C370,OPTSTK,13.1,1872150,13.1,13.2,699300,2100,2100,COALINDIA,370.0,CE,27-FEB-2025
2025-02-03 14:16:51.169441,COALINDIA27FEB25C370,OPTSTK,13.1,1874250,13.05,13.2,699300,4200,2100,COALINDIA,370.0,CE,27-FEB-2025
2025-02-03 14:16:57.602023,COALINDIA27FEB25C370,OPTSTK,13.1,1874250,13.05,13.2,699300,4200,2100,COALINDIA,370.0,CE,27-FEB-2025
2025-02-03 14:17:03.871422,COALINDIA27FEB25C370,OPTSTK,13.15,1874250,13.05,13.2,699300,4200,2100,COALINDIA,370.0,CE,27-FEB-2025
2025-02-03 14:17:10.220158,COALINDIA27FEB25C370,OPTSTK,13.15,1874250,13.05,13.2,699300,4200,2100,COALINDIA,370.0,CE,27-FEB-2025
2025-02-03 14:17:16.509502,COALINDIA27FEB25C370,OPTSTK,13.15,1876350,13.05,13.15,699300,1050,1050,COALINDIA,370.0,CE,27-FEB-2025
2025-02-03 14:17:22.869598,COALINDIA27FEB25C370,OPTSTK,13.15,1876350,13.05,13.15,699300,1050,1050,COALINDIA,370.0,CE,27-FEB-2025
2025-02-03 14:17:29.275655,COALINDIA27FEB25C370,OPTSTK,13.15,1876350,13.05,13.15,699300,1050,1050,COALINDIA,370.0,CE,27-FEB-2025
2025-02-03 14:17:35.676871,COALINDIA27FEB25C370,OPTSTK,13.15,1876350,13.05,13.15,699300,1050,1050,COALINDIA,370.0,CE,27-FEB-2025
2025-02-03 14:17:41.980320,COALINDIA27FEB25C370,OPTSTK,13.15,1876350,13.05,13.15,699300,1050,1050,COALINDIA,370.0,CE,27-FEB-2025
2025-02-03 14:17:48.309903,COALINDIA27FEB25C370,OPTSTK,13.15,1876350,13.05,13.15,699300,1050,1050,COALINDIA,370.0,CE,27-FEB-2025
2025-02-03 14:17:54.502291,COALINDIA27FEB25C370,OPTSTK,13.05,1876350,13.05,13.15,699300,1050,1050,COALINDIA,370.0,CE,27-FEB-2025
2025-02-03 14:18:01.061538,COALINDIA27FEB25C370,OPTSTK,13.05,1876350,13.05,13.15,699300,1050,1050,COALINDIA,370.0,CE,27-FEB-2025
2025-02-03 14:18:07.325681,COALINDIA27FEB25C370,OPTSTK,13.05,1877400,13.0,13.15,699300,4200,2100,COALINDIA,370.0,CE,27-FEB-2025
2025-02-03 14:18:13.787494,COALINDIA27FEB25C370,OPTSTK,13.05,1877400,13.0,13.15,699300,4200,2100,COALINDIA,370.0,CE,27-FEB-2025
2025-02-03 14:18:20.142414,COALINDIA27FEB25C370,OPTSTK,13.05,1877400,13.0,13.15,699300,4200,2100,COALINDIA,370.0,CE,27-FEB-2025
2025-02-03 14:18:26.469226,COALINDIA27FEB25C370,OPTSTK,13.05,1877400,13.0,13.15,699300,4200,2100,COALINDIA,370.0,CE,27-FEB-2025
2025-02-03 14:18:33.783145,COALINDIA27FEB25C370,OPTSTK,13.05,1877400,13.0,13.15,699300,4200,2100,COALINDIA,370.0,CE,27-FEB-2025
2025-02-03 14:18:40.065458,COALINDIA27FEB25C370,OPTSTK,13.05,1877400,13.0,13.15,699300,5250,2100,COALINDIA,370.0,CE,27-FEB-2025
2025-02-03 14:18:46.439507,COALINDIA27FEB25C370,OPTSTK,13.05,1877400,13.0,13.15,699300,5250,2100,COALINDIA,370.0,CE,27-FEB-2025
2025-02-03 14:18:52.796273,COALINDIA27FEB25C370,OPTSTK,13.05,1877400,13.0,13.15,699300,5250,2100,COALINDIA,370.0,CE,27-FEB-2025
2025-02-03 14:18:59.231526,COALINDIA27FEB25C370,OPTSTK,13.05,1877400,13.0,13.15,699300,5250,2100,COALINDIA,370.0,CE,27-FEB-2025
2025-02-03 14:19:05.563743,COALINDIA27FEB25C370,OPTSTK,13.05,1878450,13.0,13.1,699300,2100,2100,COALINDIA,370.0,CE,27-FEB-2025
2025-02-03 14:19:11.989450,COALINDIA27FEB25C370,OPTSTK,13.05,1878450,13.0,13.1,699300,2100,2100,COALINDIA,370.0,CE,27-FEB-2025
2025-02-03 14:19:18.352322,COALINDIA27FEB25C370,OPTSTK,13.05,1878450,13.0,13.1,699300,2100,2100,COALINDIA,370.0,CE,27-FEB-2025
2025-02-03 14:19:25.658066,COALINDIA27FEB25C370,OPTSTK,13.05,1878450,13.0,13.1,699300,2100,2100,COALINDIA,370.0,CE,27-FEB-2025
2025-02-03 14:19:31.892220,COALINDIA27FEB25C370,OPTSTK,13.05,1879500,13.1,13.2,699300,2100,2100,COALINDIA,370.0,CE,27-FEB-2025
2025-02-03 14:19:38.314280,COALINDIA27FEB25C370,OPTSTK,13.2,1879500,13.1,13.2,698250,2100,2100,COALINDIA,370.0,CE,27-FEB-2025
2025-02-03 14:19:44.691968,COALINDIA27FEB25C370,OPTSTK,13.2,1879500,13.1,13.2,698250,2100,2100,COALINDIA,370.0,CE,27-FEB-2025
2025-02-03 14:19:51.151722,COALINDIA27FEB25C370,OPTSTK,13.2,1879500,13.1,13.2,698250,2100,2100,COALINDIA,370.0,CE,27-FEB-2025
2025-02-03 14:19:57.480237,COALINDIA27FEB25C370,OPTSTK,13.3,1879500,13.1,13.2,698250,2100,2100,COALINDIA,370.0,CE,27-FEB-2025
2025-02-03 14:20:03.879594,COALINDIA27FEB25C370,OPTSTK,13.3,1883700,13.15,13.3,698250,2100,2100,COALINDIA,370.0,CE,27-FEB-2025
2025-02-03 14:20:10.204055,COALINDIA27FEB25C370,OPTSTK,13.3,1883700,13.15,13.3,698250,2100,2100,COALINDIA,370.0,CE,27-FEB-2025
2025-02-03 14:20:16.384545,COALINDIA27FEB25C370,OPTSTK,13.3,1883700,13.15,13.3,698250,2100,2100,COALINDIA,370.0,CE,27-FEB-2025
2025-02-03 14:20:22.806691,COALINDIA27FEB25C370,OPTSTK,13.3,1883700,13.15,13.3,698250,2100,2100,COALINDIA,370.0,CE,27-FEB-2025
2025-02-03 14:20:29.083621,COALINDIA27FEB25C370,OPTSTK,13.3,1883700,13.1,13.25,698250,1050,2100,COALINDIA,370.0,CE,27-FEB-2025
2025-02-03 14:20:35.574750,COALINDIA27FEB25C370,OPTSTK,13.3,1883700,13.1,13.25,698250,1050,2100,COALINDIA,370.0,CE,27-FEB-2025
2025-02-03 14:20:41.868349,COALINDIA27FEB25C370,OPTSTK,13.3,1883700,13.1,13.25,698250,1050,2100,COALINDIA,370.0,CE,27-FEB-2025
2025-02-03 14:20:48.393508,COALINDIA27FEB25C370,OPTSTK,13.3,1883700,13.1,13.25,698250,1050,2100,COALINDIA,370.0,CE,27-FEB-2025
2025-02-03 14:20:54.714149,COALINDIA27FEB25C370,OPTSTK,13.3,1883700,13.1,13.25,698250,1050,2100,COALINDIA,370.0,CE,27-FEB-2025
2025-02-03 14:21:01.140392,COALINDIA27FEB25C370,OPTSTK,13.3,1883700,13.05,13.2,698250,6300,1050,COALINDIA,370.0,CE,27-FEB-2025
2025-02-03 14:21:07.633405,COALINDIA27FEB25C370,OPTSTK,13.3,1883700,13.05,13.2,698250,6300,1050,COALINDIA,370.0,CE,27-FEB-2025
2025-02-03 14:21:13.900833,COALINDIA27FEB25C370,OPTSTK,13.05,1883700,13.05,13.2,698250,6300,1050,COALINDIA,370.0,CE,27-FEB-2025
2025-02-03 14:21:20.299601,COALINDIA27FEB25C370,OPTSTK,13.05,1883700,13.05,13.2,698250,6300,1050,COALINDIA,370.0,CE,27-FEB-2025
2025-02-03 14:21:26.698536,COALINDIA27FEB25C370,OPTSTK,13.05,1886850,13.1,13.25,698250,2100,1050,COALINDIA,370.0,CE,27-FEB-2025
2025-02-03 14:21:33.048741,COALINDIA27FEB25C370,OPTSTK,13.05,1886850,13.1,13.25,698250,2100,1050,COALINDIA,370.0,CE,27-FEB-2025
2025-02-03 14:21:39.378277,COALINDIA27FEB25C370,OPTSTK,13.05,1886850,13.1,13.25,698250,2100,1050,COALINDIA,370.0,CE,27-FEB-2025
2025-02-03 14:21:45.857745,COALINDIA27FEB25C370,OPTSTK,13.05,1886850,13.1,13.25,698250,2100,1050,COALINDIA,370.0,CE,27-FEB-2025
2025-02-03 14:21:52.196113,COALINDIA27FEB25C370,OPTSTK,13.05,1886850,13.1,13.25,698250,2100,1050,COALINDIA,370.0,CE,27-FEB-2025
2025-02-03 14:21:58.550929,COALINDIA27FEB25C370,OPTSTK,13.05,1886850,13.1,13.25,698250,5250,1050,COALINDIA,370.0,CE,27-FEB-2025
2025-02-03 14:22:05.008635,COALINDIA27FEB25C370,OPTSTK,13.05,1886850,13.1,13.25,698250,5250,1050,COALINDIA,370.0,CE,27-FEB-2025
2025-02-03 14:22:11.375002,COALINDIA27FEB25C370,OPTSTK,13.05,1886850,13.1,13.25,698250,5250,1050,COALINDIA,370.0,CE,27-FEB-2025
2025-02-03 14:22:17.759895,COALINDIA27FEB25C370,OPTSTK,13.05,1886850,13.1,13.25,698250,5250,1050,COALINDIA,370.0,CE,27-FEB-2025
2025-02-03 14:22:24.147150,COALINDIA27FEB25C370,OPTSTK,13.05,1886850,13.15,13.3,698250,2100,2100,COALINDIA,370.0,CE,27-FEB-2025
2025-02-03 14:22:30.616036,COALINDIA27FEB25C370,OPTSTK,13.05,1886850,13.15,13.3,698250,2100,2100,COALINDIA,370.0,CE,27-FEB-2025
2025-02-03 14:22:36.947860,COALINDIA27FEB25C370,OPTSTK,13.05,1886850,13.15,13.3,698250,2100,2100,COALINDIA,370.0,CE,27-FEB-2025
2025-02-03 14:22:43.227248,COALINDIA27FEB25C370,OPTSTK,13.05,1886850,13.15,13.3,698250,2100,2100,COALINDIA,370.0,CE,27-FEB-2025
2025-02-03 14:22:49.805927,COALINDIA27FEB25C370,OPTSTK,13.05,1886850,13.15,13.3,698250,2100,2100,COALINDIA,370.0,CE,27-FEB-2025
2025-02-03 14:22:56.094716,COALINDIA27FEB25C370,OPTSTK,13.05,1886850,13.15,13.25,698250,2100,1050,COALINDIA,370.0,CE,27-FEB-2025
2025-02-03 14:23:02.603249,COALINDIA27FEB25C370,OPTSTK,13.05,1886850,13.15,13.25,698250,2100,1050,COALINDIA,370.0,CE,27-FEB-2025
2025-02-03 14:23:08.774480,COALINDIA27FEB25C370,OPTSTK,13.05,1886850,13.15,13.25,698250,2100,1050,COALINDIA,370.0,CE,27-FEB-2025
2025-02-03 14:23:16.094885,COALINDIA27FEB25C370,OPTSTK,13.1,1886850,13.15,13.25,699300,2100,1050,COALINDIA,370.0,CE,27-FEB-2025
2025-02-03 14:23:22.556367,COALINDIA27FEB25C370,OPTSTK,13.1,1887900,13.0,13.1,699300,1050,1050,COALINDIA,370.0,CE,27-FEB-2025
2025-02-03 14:23:28.811035,COALINDIA27FEB25C370,OPTSTK,13.1,1887900,13.0,13.1,699300,1050,1050,COALINDIA,370.0,CE,27-FEB-2025
2025-02-03 14:23:35.232020,COALINDIA27FEB25C370,OPTSTK,13.1,1887900,13.0,13.1,699300,1050,1050,COALINDIA,370.0,CE,27-FEB-2025
2025-02-03 14:23:41.622494,COALINDIA27FEB25C370,OPTSTK,13.1,1887900,13.0,13.1,699300,1050,1050,COALINDIA,370.0,CE,27-FEB-2025
2025-02-03 14:23:48.077381,COALINDIA27FEB25C370,OPTSTK,13.1,1887900,13.0,13.1,699300,1050,1050,COALINDIA,370.0,CE,27-FEB-2025
2025-02-03 14:23:54.622635,COALINDIA27FEB25C370,OPTSTK,13.1,1887900,13.15,13.3,699300,1050,4200,COALINDIA,370.0,CE,27-FEB-2025
2025-02-03 14:24:00.974274,COALINDIA27FEB25C370,OPTSTK,13.1,1887900,13.15,13.3,699300,1050,4200,COALINDIA,370.0,CE,27-FEB-2025
2025-02-03 14:24:07.622365,COALINDIA27FEB25C370,OPTSTK,13.1,1887900,13.15,13.3,699300,1050,4200,COALINDIA,370.0,CE,27-FEB-2025
2025-02-03 14:24:13.816090,COALINDIA27FEB25C370,OPTSTK,13.1,1887900,13.15,13.3,699300,1050,4200,COALINDIA,370.0,CE,27-FEB-2025
2025-02-03 14:24:20.182534,COALINDIA27FEB25C370,OPTSTK,13.2,1887900,13.15,13.3,699300,2100,4200,COALINDIA,370.0,CE,27-FEB-2025
2025-02-03 14:24:26.450151,COALINDIA27FEB25C370,OPTSTK,13.2,1887900,13.15,13.3,699300,2100,4200,COALINDIA,370.0,CE,27-FEB-2025
2025-02-03 14:24:32.828461,COALINDIA27FEB25C370,OPTSTK,13.2,1887900,13.15,13.3,699300,2100,4200,COALINDIA,370.0,CE,27-FEB-2025
2025-02-03 14:24:39.417156,COALINDIA27FEB25C370,OPTSTK,13.2,1887900,13.15,13.3,699300,2100,4200,COALINDIA,370.0,CE,27-FEB-2025
2025-02-03 14:24:45.929552,COALINDIA27FEB25C370,OPTSTK,13.25,1894200,13.25,13.4,699300,1050,4200,COALINDIA,370.0,CE,27-FEB-2025
2025-02-03 14:24:52.386829,COALINDIA27FEB25C370,OPTSTK,13.25,1894200,13.25,13.4,699300,1050,4200,COALINDIA,370.0,CE,27-FEB-2025
2025-02-03 14:24:58.940481,COALINDIA27FEB25C370,OPTSTK,13.25,1894200,13.25,13.4,699300,1050,4200,COALINDIA,370.0,CE,27-FEB-2025
2025-02-03 14:25:05.504098,COALINDIA27FEB25C370,OPTSTK,13.25,1894200,13.25,13.4,699300,1050,4200,COALINDIA,370.0,CE,27-FEB-2025
2025-02-03 14:25:11.916349,COALINDIA27FEB25C370,OPTSTK,13.25,1894200,13.25,13.4,699300,1050,4200,COALINDIA,370.0,CE,27-FEB-2025
2025-02-03 14:25:18.345099,COALINDIA27FEB25C370,OPTSTK,13.25,1894200,13.25,13.4,699300,1050,4200,COALINDIA,370.0,CE,27-FEB-2025
2025-02-03 14:25:24.951414,COALINDIA27FEB25C370,OPTSTK,13.25,1894200,13.25,13.4,699300,1050,4200,COALINDIA,370.0,CE,27-FEB-2025
2025-02-03 14:25:31.313438,COALINDIA27FEB25C370,OPTSTK,13.25,1894200,13.25,13.4,699300,1050,4200,COALINDIA,370.0,CE,27-FEB-2025
2025-02-03 14:25:37.786398,COALINDIA27FEB25C370,OPTSTK,13.25,1894200,13.25,13.4,699300,1050,4200,COALINDIA,370.0,CE,27-FEB-2025
2025-02-03 14:25:44.199325,COALINDIA27FEB25C370,OPTSTK,13.25,1894200,13.15,13.3,699300,6300,1050,COALINDIA,370.0,CE,27-FEB-2025
2025-02-03 14:25:50.602499,COALINDIA27FEB25C370,OPTSTK,13.25,1894200,13.15,13.3,699300,6300,1050,COALINDIA,370.0,CE,27-FEB-2025
2025-02-03 14:25:57.141453,COALINDIA27FEB25C370,OPTSTK,13.25,1894200,13.15,13.3,699300,6300,1050,COALINDIA,370.0,CE,27-FEB-2025
2025-02-03 14:26:03.584667,COALINDIA27FEB25C370,OPTSTK,13.25,1894200,13.15,13.3,694050,6300,1050,COALINDIA,370.0,CE,27-FEB-2025
2025-02-03 14:26:10.062924,COALINDIA27FEB25C370,OPTSTK,13.25,1895250,13.1,13.2,694050,1050,1050,COALINDIA,370.0,CE,27-FEB-2025
2025-02-03 14:26:16.906081,COALINDIA27FEB25C370,OPTSTK,13.25,1895250,13.1,13.2,694050,1050,1050,COALINDIA,370.0,CE,27-FEB-2025
2025-02-03 14:26:23.433560,COALINDIA27FEB25C370,OPTSTK,13.25,1895250,13.1,13.2,694050,1050,1050,COALINDIA,370.0,CE,27-FEB-2025
2025-02-03 14:26:29.827862,COALINDIA27FEB25C370,OPTSTK,13.25,1895250,13.1,13.2,694050,1050,1050,COALINDIA,370.0,CE,27-FEB-2025
2025-02-03 14:26:36.256269,COALINDIA27FEB25C370,OPTSTK,13.25,1895250,13.1,13.2,694050,1050,1050,COALINDIA,370.0,CE,27-FEB-2025
2025-02-03 14:26:42.600440,COALINDIA27FEB25C370,OPTSTK,13.25,1895250,13.05,13.15,694050,1050,1050,COALINDIA,370.0,CE,27-FEB-2025
2025-02-03 14:26:49.095965,COALINDIA27FEB25C370,OPTSTK,13.25,1895250,13.05,13.15,694050,1050,1050,COALINDIA,370.0,CE,27-FEB-2025
2025-02-03 14:26:55.484364,COALINDIA27FEB25C370,OPTSTK,13.25,1895250,13.05,13.15,694050,1050,1050,COALINDIA,370.0,CE,27-FEB-2025
2025-02-03 14:27:02.018597,COALINDIA27FEB25C370,OPTSTK,13.25,1895250,13.05,13.15,694050,1050,1050,COALINDIA,370.0,CE,27-FEB-2025
2025-02-03 14:27:08.348090,COALINDIA27FEB25C370,OPTSTK,13.05,1895250,13.05,13.2,694050,2100,3150,COALINDIA,370.0,CE,27-FEB-2025
2025-02-03 14:27:14.496367,COALINDIA27FEB25C370,OPTSTK,13.05,1895250,13.05,13.2,694050,2100,3150,COALINDIA,370.0,CE,27-FEB-2025
2025-02-03 14:27:20.878685,COALINDIA27FEB25C370,OPTSTK,13.05,1895250,13.05,13.2,694050,2100,3150,COALINDIA,370.0,CE,27-FEB-2025
2025-02-03 14:27:27.355096,COALINDIA27FEB25C370,OPTSTK,13.05,1895250,13.05,13.2,694050,2100,3150,COALINDIA,370.0,CE,27-FEB-2025
2025-02-03 14:27:33.744027,COALINDIA27FEB25C370,OPTSTK,13.05,1896300,13.1,13.15,694050,1050,1050,COALINDIA,370.0,CE,27-FEB-2025
2025-02-03 14:27:40.052049,COALINDIA27FEB25C370,OPTSTK,13.1,1896300,13.1,13.15,694050,1050,1050,COALINDIA,370.0,CE,27-FEB-2025
2025-02-03 14:27:46.586521,COALINDIA27FEB25C370,OPTSTK,13.1,1896300,13.1,13.15,694050,1050,1050,COALINDIA,370.0,CE,27-FEB-2025
2025-02-03 14:27:52.826674,COALINDIA27FEB25C370,OPTSTK,13.05,1896300,13.1,13.15,694050,1050,1050,COALINDIA,370.0,CE,27-FEB-2025
2025-02-03 14:27:59.385108,COALINDIA27FEB25C370,OPTSTK,13.05,1899450,13.0,13.15,694050,3150,1050,COALINDIA,370.0,CE,27-FEB-2025
2025-02-03 14:28:05.768410,COALINDIA27FEB25C370,OPTSTK,13.05,1899450,13.0,13.15,694050,3150,1050,COALINDIA,370.0,CE,27-FEB-2025
2025-02-03 14:28:12.081580,COALINDIA27FEB25C370,OPTSTK,13.05,1899450,13.0,13.15,694050,3150,1050,COALINDIA,370.0,CE,27-FEB-2025
2025-02-03 14:28:18.557691,COALINDIA27FEB25C370,OPTSTK,13.2,1899450,13.0,13.15,694050,3150,1050,COALINDIA,370.0,CE,27-FEB-2025
2025-02-03 14:28:24.881432,COALINDIA27FEB25C370,OPTSTK,13.2,1899450,13.0,13.15,694050,3150,1050,COALINDIA,370.0,CE,27-FEB-2025
2025-02-03 14:28:31.138095,COALINDIA27FEB25C370,OPTSTK,13.25,1900500,13.15,13.25,696150,1050,2100,COALINDIA,370.0,CE,27-FEB-2025
2025-02-03 14:28:37.500301,COALINDIA27FEB25C370,OPTSTK,13.25,1900500,13.15,13.25,696150,1050,2100,COALINDIA,370.0,CE,27-FEB-2025
2025-02-03 14:28:44.043855,COALINDIA27FEB25C370,OPTSTK,13.25,1900500,13.15,13.25,696150,1050,2100,COALINDIA,370.0,CE,27-FEB-2025
2025-02-03 14:28:50.675123,COALINDIA27FEB25C370,OPTSTK,13.25,1900500,13.15,13.25,696150,1050,2100,COALINDIA,370.0,CE,27-FEB-2025
2025-02-03 14:28:57.089634,COALINDIA27FEB25C370,OPTSTK,13.25,1901550,13.2,13.35,696150,2100,2100,COALINDIA,370.0,CE,27-FEB-2025
2025-02-03 14:29:03.503793,COALINDIA27FEB25C370,OPTSTK,13.25,1901550,13.2,13.35,696150,2100,2100,COALINDIA,370.0,CE,27-FEB-2025
2025-02-03 14:29:10.020105,COALINDIA27FEB25C370,OPTSTK,13.25,1901550,13.2,13.35,696150,2100,2100,COALINDIA,370.0,CE,27-FEB-2025
2025-02-03 14:29:17.315774,COALINDIA27FEB25C370,OPTSTK,13.35,1901550,13.2,13.35,696150,2100,2100,COALINDIA,370.0,CE,27-FEB-2025
2025-02-03 14:29:23.654459,COALINDIA27FEB25C370,OPTSTK,13.35,1903650,13.25,13.35,696150,2100,2100,COALINDIA,370.0,CE,27-FEB-2025
2025-02-03 14:29:30.029858,COALINDIA27FEB25C370,OPTSTK,13.25,1903650,13.25,13.35,696150,2100,2100,COALINDIA,370.0,CE,27-FEB-2025
2025-02-03 14:29:36.349883,COALINDIA27FEB25C370,OPTSTK,13.25,1903650,13.25,13.35,696150,2100,2100,COALINDIA,370.0,CE,27-FEB-2025
2025-02-03 14:29:42.849842,COALINDIA27FEB25C370,OPTSTK,13.25,1903650,13.25,13.35,696150,2100,2100,COALINDIA,370.0,CE,27-FEB-2025
2025-02-03 14:29:49.296531,COALINDIA27FEB25C370,OPTSTK,13.25,1903650,13.25,13.35,696150,2100,2100,COALINDIA,370.0,CE,27-FEB-2025
2025-02-03 14:29:55.825036,COALINDIA27FEB25C370,OPTSTK,13.25,1905750,13.05,13.2,696150,5250,1050,COALINDIA,370.0,CE,27-FEB-2025
2025-02-03 14:30:02.294428,COALINDIA27FEB25C370,OPTSTK,13.25,1905750,13.05,13.2,696150,5250,1050,COALINDIA,370.0,CE,27-FEB-2025
